14 0 14 4 5 1 7 6 0 2 3 
13 1 12 4 5 1 7 6 2 0 3 
12 2 10 4 5 1 7 6 2 3 0 
14 1 13 4 5 1 7 0 6 2 3 
13 3 10 4 5 1 7 3 6 2 0 
14 3 11 4 5 1 0 6 2 3 7 
15 4 11 4 5 1 7 0 2 3 6 
15 2 13 0 5 1 7 4 6 2 3 
13 5 8 3 5 1 7 4 6 2 0 
15 4 11 4 5 1 7 3 6 0 2 
15 5 10 4 5 1 7 2 0 3 6 
14 6 8 4 5 1 7 2 3 0 6 
13 7 6 4 5 1 7 2 3 6 0 
15 6 9 3 5 1 7 4 6 0 2 
16 1 15 4 0 1 7 6 5 2 3 
15 2 13 4 1 0 7 6 5 2 3 
14 3 11 4 1 2 7 6 5 0 3 
13 4 9 4 1 2 7 6 5 3 0 
14 3 11 4 1 7 0 6 5 2 3 
13 4 9 4 1 7 3 6 5 2 0 
14 5 9 4 1 2 0 6 5 3 7 
16 2 14 4 5 0 7 6 2 1 3 
16 4 12 4 5 1 0 3 6 2 7 
16 4 12 4 5 0 1 6 2 3 7 
15 5 10 4 5 3 1 6 2 0 7 
14 6 8 4 5 3 1 6 2 7 0 
16 5 11 0 5 1 4 6 2 3 7 
16 5 11 0 5 1 7 4 2 3 6 
16 6 10 3 5 1 0 4 6 2 7 
16 5 11 4 5 1 7 3 0 6 2 
16 8 8 4 5 1 0 2 3 6 7 
16 7 9 3 5 1 7 4 0 6 2 
16 5 11 0 1 7 4 6 5 2 3 
16 5 11 4 1 7 3 6 5 0 2 
16 7 9 0 1 2 4 6 5 3 7 
16 3 13 4 5 7 0 6 2 1 3 
15 4 11 4 5 7 3 6 2 1 0 
16 6 10 5 0 1 4 6 2 3 7 
15 7 8 5 2 1 4 6 0 3 7 
15 7 8 5 1 0 4 6 2 3 7 
14 8 6 5 1 3 4 6 2 0 7 
13 9 4 5 1 3 4 6 2 7 0 
15 8 7 5 2 1 4 0 6 3 7 
16 6 10 4 5 1 7 0 3 6 2 
16 8 8 3 5 1 7 0 4 6 2 
14 10 4 3 5 1 7 2 4 6 0 
16 6 10 1 0 7 4 6 5 2 3 
16 8 8 3 1 7 4 6 5 2 0 
16 8 8 1 0 2 4 6 5 3 7 
15 9 6 1 2 0 4 6 5 3 7 
14 10 4 1 2 3 4 6 5 0 7 
13 11 2 1 2 3 4 6 5 7 0 
16 8 8 5 2 1 4 6 3 0 7 
15 9 6 5 2 1 4 6 3 7 0 
16 8 8 5 1 4 0 6 2 3 7 
16 10 6 5 1 3 0 6 2 7 4 
16 9 7 0 2 1 4 5 6 3 7 
16 10 6 5 2 1 4 7 6 3 0 
16 10 6 1 2 4 0 6 5 3 7 
16 12 4 1 2 3 0 6 5 7 4 
17 4 13 4 0 1 7 5 6 2 3 
16 5 11 4 1 0 7 5 6 2 3 
15 6 9 4 1 2 7 5 6 0 3 
14 7 7 4 1 2 7 5 6 3 0 
15 6 9 4 1 7 0 5 6 2 3 
14 7 7 4 1 7 3 5 6 2 0 
15 8 7 4 1 2 0 5 6 3 7 
17 4 13 4 5 1 0 7 6 2 3 
16 5 11 4 5 1 3 7 6 2 0 
17 6 11 4 5 1 3 6 2 0 7 
16 7 9 4 5 1 3 6 2 7 0 
17 4 13 7 5 1 0 4 6 2 3 
16 5 11 7 5 1 3 4 6 2 0 
17 3 14 5 0 1 7 4 6 2 3 
16 4 12 5 1 0 7 4 6 2 3 
16 5 11 5 1 2 7 4 6 0 3 
15 6 9 5 1 2 7 4 6 3 0 
16 5 11 5 1 7 0 4 6 2 3 
15 6 9 5 1 7 3 4 6 2 0 
16 7 9 5 1 2 0 4 6 3 7 
17 7 10 4 5 0 7 2 3 1 6 
17 2 15 0 4 1 7 6 5 2 3 
15 5 10 3 4 1 7 6 5 2 0 
17 4 13 4 1 2 7 6 0 5 3 
17 6 11 4 1 7 2 6 5 0 3 
16 7 9 4 1 7 2 6 5 3 0 
17 6 11 4 1 0 2 6 5 3 7 
16 7 9 4 1 3 2 6 5 0 7 
15 8 7 4 1 3 2 6 5 7 0 
17 8 9 4 1 2 3 6 5 0 7 
16 9 7 4 1 2 3 6 5 7 0 
17 3 14 4 0 5 7 6 2 1 3 
17 7 10 4 5 3 0 6 2 7 1 
17 6 11 6 5 1 4 0 2 3 7 
17 6 11 6 1 7 4 0 5 2 3 
17 6 11 4 1 0 3 6 5 7 2 
16 7 9 4 1 3 0 6 5 7 2 
17 8 9 6 1 2 4 0 5 3 7 
17 5 12 4 5 7 3 6 2 0 1 
17 9 8 5 1 3 4 6 0 2 7 
17 7 10 0 5 1 7 4 3 6 2 
16 10 6 2 5 1 7 4 3 6 0 
17 11 6 3 5 1 0 2 4 6 7 
17 11 6 3 5 1 7 2 4 0 6 
17 7 10 1 5 7 4 6 0 2 3 
16 8 8 1 5 7 4 6 2 0 3 
15 9 6 1 5 7 4 6 2 3 0 
17 7 10 1 7 0 4 6 5 2 3 
16 8 8 1 7 2 4 6 5 0 3 
15 9 6 1 7 2 4 6 5 3 0 
17 9 8 1 5 2 4 6 0 3 7 
17 11 6 1 2 3 4 6 0 5 7 
17 9 8 5 1 4 7 6 2 3 0 
17 11 6 1 2 4 7 6 5 3 0 
17 8 9 0 1 7 4 5 6 2 3 
17 8 9 4 1 7 3 5 6 0 2 
17 10 7 0 1 2 4 5 6 3 7 
17 8 9 5 1 2 7 0 6 3 4 
17 8 9 5 1 7 4 0 6 2 3 
17 8 9 5 1 7 3 0 6 2 4 
17 10 7 5 1 2 4 0 6 3 7 
17 6 11 3 4 1 7 6 5 0 2 
17 5 12 4 1 2 7 0 6 5 3 
17 4 13 0 4 5 7 6 2 1 3 
15 7 8 3 4 5 7 6 2 1 0 
17 7 10 6 1 7 4 5 0 2 3 
16 8 8 6 1 7 4 5 2 0 3 
15 9 6 6 1 7 4 5 2 3 0 
17 9 8 6 1 2 4 5 0 3 7 
17 10 7 5 1 3 4 0 6 2 7 
17 8 9 1 5 7 4 0 6 2 3 
17 9 8 1 5 0 4 6 2 7 3 
17 10 7 1 5 2 4 0 6 3 7 
17 12 5 1 2 3 4 0 6 5 7 
17 9 8 1 0 7 4 5 6 2 3 
17 11 6 3 1 7 4 5 6 2 0 
17 11 6 1 0 2 4 5 6 3 7 
16 12 4 1 2 0 4 5 6 3 7 
15 13 2 1 2 3 4 5 6 0 7 
14 14 0 1 2 3 4 5 6 7 0 
