13 0 13 2 1 0 6 7 3 4 5 
12 1 11 2 1 6 0 7 3 4 5 
11 2 9 2 1 6 5 7 3 4 0 
13 4 9 2 1 6 7 0 3 4 5 
13 4 9 2 1 6 5 0 3 4 7 
14 1 13 2 1 4 6 7 3 0 5 
13 2 11 2 1 4 6 7 3 5 0 
14 3 11 2 1 6 5 7 3 0 4 
14 5 9 0 1 6 7 2 3 4 5 
14 6 8 2 1 6 7 5 3 4 0 
14 5 9 0 1 6 5 2 3 4 7 
14 3 11 2 1 4 0 7 3 5 6 
14 6 8 1 0 6 7 2 3 4 5 
13 7 6 1 3 6 7 2 0 4 5 
12 8 4 1 3 6 7 2 4 0 5 
11 9 2 1 3 6 7 2 4 5 0 
13 9 4 1 3 0 7 2 4 6 5 
14 8 6 5 1 6 7 2 3 4 0 
14 6 8 1 0 6 5 2 3 4 7 
13 7 6 1 3 6 5 2 0 4 7 
12 8 4 1 3 6 5 2 4 0 7 
13 9 4 1 3 0 5 2 4 6 7 
12 10 2 1 3 5 0 2 4 6 7 
11 11 0 1 3 5 7 2 4 6 0 
