11 0 11 2 7 6 1 4 3 0 5 
10 1 9 2 7 6 1 4 3 5 0 
12 1 11 2 7 0 1 4 3 6 5 
12 2 10 2 7 1 0 4 3 6 5 
11 3 8 2 7 1 5 4 3 6 0 
13 2 11 2 7 6 0 4 3 5 1 
13 2 11 2 0 7 1 4 3 6 5 
12 3 9 2 3 7 1 4 0 6 5 
12 4 8 2 3 7 1 0 4 6 5 
13 4 9 2 3 7 1 4 6 0 5 
12 5 7 2 3 7 1 4 6 5 0 
13 5 8 0 3 7 1 2 4 6 5 
11 7 4 1 3 7 0 2 4 6 5 
10 8 2 1 3 7 5 2 4 6 0 
12 8 4 1 3 0 7 2 4 6 5 
13 6 7 2 3 7 1 5 4 6 0 
13 7 6 2 3 7 0 1 4 6 5 
12 8 4 2 3 7 5 1 4 6 0 
13 8 5 5 3 7 1 2 4 6 0 
13 9 4 1 3 7 5 2 4 0 6 
13 9 4 1 3 6 7 2 4 0 5 
12 10 2 1 3 6 7 2 4 5 0 
14 1 13 2 7 6 1 4 0 3 5 
14 4 10 2 7 1 5 4 3 0 6 
14 8 6 2 3 0 7 1 4 6 5 
14 2 12 2 7 6 1 0 4 3 5 
15 3 12 2 7 6 1 0 3 5 4 
15 4 11 2 7 0 1 4 3 5 6 
14 5 9 2 7 5 1 4 3 0 6 
13 6 7 2 7 5 1 4 3 6 0 
15 3 12 0 2 7 1 4 3 6 5 
13 5 8 1 2 7 0 4 3 6 5 
12 6 6 1 2 7 5 4 3 6 0 
14 6 8 1 2 0 7 4 3 6 5 
15 6 9 2 3 7 0 4 6 5 1 
15 6 9 3 0 7 1 2 4 6 5 
15 11 4 1 3 0 5 2 4 6 7 
14 12 2 1 3 5 0 2 4 6 7 
13 13 0 1 3 5 7 2 4 6 0 
