13 0 13 4 7 0 3 5 6 1 2 
12 1 11 4 7 1 3 5 6 0 2 
11 2 9 4 7 1 3 5 6 2 0 
12 1 11 4 7 3 0 5 6 1 2 
11 2 9 4 7 3 2 5 6 1 0 
13 3 10 4 7 3 2 5 6 0 1 
14 1 13 4 0 7 3 5 6 1 2 
14 3 11 4 7 1 0 5 6 2 3 
14 3 11 0 7 3 4 5 6 1 2 
12 6 6 2 7 3 4 5 6 1 0 
14 4 10 4 7 3 1 5 6 0 2 
13 5 8 4 7 3 1 5 6 2 0 
14 7 7 2 7 3 4 5 6 0 1 
15 2 13 4 7 1 3 5 0 6 2 
15 2 13 4 6 7 3 5 0 1 2 
14 3 11 4 6 7 3 5 1 0 2 
13 4 9 4 6 7 3 5 1 2 0 
15 2 13 0 4 7 3 5 6 1 2 
13 5 8 2 4 7 3 5 6 1 0 
15 4 11 5 7 3 4 0 6 1 2 
14 6 8 5 7 3 4 2 6 1 0 
15 7 8 2 7 3 0 5 6 1 4 
15 4 11 4 6 0 3 5 1 7 2 
14 5 9 4 6 3 0 5 1 7 2 
13 6 7 4 6 3 2 5 1 7 0 
15 6 9 2 4 7 3 5 6 0 1 
16 5 11 0 7 1 3 5 6 2 4 
16 5 11 0 7 3 2 5 6 1 4 
16 4 12 4 7 0 2 5 6 3 1 
15 5 10 4 7 2 0 5 6 3 1 
14 6 8 4 7 2 1 5 6 3 0 
16 4 12 4 7 3 2 5 0 6 1 
16 4 12 4 7 0 1 5 6 2 3 
15 5 10 4 7 2 1 5 6 0 3 
16 5 11 0 7 1 4 5 6 2 3 
16 4 12 7 0 3 4 5 6 1 2 
16 6 10 4 7 3 0 5 6 2 1 
16 3 13 4 0 1 3 5 7 6 2 
15 4 11 4 1 0 3 5 7 6 2 
14 5 9 4 1 3 0 5 7 6 2 
13 6 7 4 1 3 2 5 7 6 0 
16 5 11 4 6 7 0 5 1 2 3 
16 3 13 5 4 7 3 0 6 1 2 
15 5 10 5 4 7 3 2 6 1 0 
16 4 12 3 4 7 0 5 6 1 2 
15 5 10 3 4 7 2 5 6 1 0 
16 6 10 2 4 7 0 5 6 1 3 
16 7 9 5 7 3 4 2 6 0 1 
16 7 9 0 6 3 4 5 1 7 2 
14 10 4 2 6 3 4 5 1 7 0 
16 7 9 4 6 3 2 5 1 0 7 
16 7 9 2 4 0 3 5 6 7 1 
15 8 7 2 4 3 0 5 6 7 1 
14 9 5 2 4 3 1 5 6 7 0 
16 8 8 3 7 1 4 5 6 2 0 
16 5 11 4 1 6 3 5 7 0 2 
15 6 9 4 1 6 3 5 7 2 0 
16 7 9 0 1 3 4 5 7 6 2 
14 10 4 2 1 3 4 5 7 6 0 
16 7 9 4 1 3 2 5 7 0 6 
16 10 6 1 6 3 4 5 0 7 2 
16 8 8 1 0 3 4 5 7 6 2 
17 4 13 4 7 1 3 0 6 2 5 
17 5 12 4 7 0 3 5 6 2 1 
16 6 10 4 7 2 3 5 6 0 1 
16 7 9 4 7 2 3 5 6 1 0 
17 4 13 4 7 3 2 0 6 1 5 
17 6 11 4 7 1 2 5 6 0 3 
16 7 9 4 7 1 2 5 6 3 0 
17 5 12 4 7 0 1 5 6 3 2 
17 5 12 4 7 3 1 5 0 6 2 
17 8 9 2 7 0 4 5 6 3 1 
17 8 9 2 7 3 4 5 0 6 1 
17 3 14 4 7 1 3 0 5 6 2 
15 5 10 4 7 1 3 2 5 6 0 
17 3 14 4 6 7 3 0 5 1 2 
16 5 11 4 6 7 3 2 5 1 0 
17 5 12 5 7 3 4 6 0 1 2 
16 6 10 5 7 3 4 6 1 0 2 
15 7 8 5 7 3 4 6 1 2 0 
17 7 10 5 7 3 0 2 6 1 4 
17 10 7 2 7 3 1 5 6 0 4 
17 6 11 5 7 1 3 0 6 2 4 
17 7 10 3 7 1 0 5 6 2 4 
17 6 11 5 7 3 2 0 6 1 4 
17 5 12 4 0 7 2 5 6 3 1 
17 7 10 0 7 2 4 5 6 3 1 
14 10 4 1 7 2 4 5 6 3 0 
17 5 12 4 0 3 2 5 7 6 1 
17 5 12 4 0 7 1 5 6 2 3 
17 6 11 5 7 1 4 0 6 2 3 
17 5 12 7 6 3 4 5 0 1 2 
16 6 10 7 6 3 4 5 1 0 2 
15 7 8 7 6 3 4 5 1 2 0 
17 5 12 7 3 0 4 5 6 1 2 
16 6 10 7 3 1 4 5 6 0 2 
15 7 8 7 3 1 4 5 6 2 0 
17 4 13 0 4 1 3 5 7 6 2 
15 7 8 2 4 1 3 5 7 6 0 
17 6 11 5 4 7 3 2 6 0 1 
17 6 11 3 4 7 2 5 6 0 1 
17 8 9 5 6 3 4 0 1 7 2 
16 10 6 5 6 3 4 2 1 7 0 
17 11 6 2 6 3 0 5 1 7 4 
17 11 6 2 6 3 4 5 1 0 7 
17 8 9 2 0 4 3 5 6 7 1 
17 10 7 2 4 3 1 5 6 0 7 
17 6 11 4 1 6 3 5 0 7 2 
17 8 9 5 1 3 4 0 7 6 2 
16 10 6 5 1 3 4 2 7 6 0 
17 11 6 2 1 3 0 5 7 6 4 
17 11 6 2 1 3 4 5 7 0 6 
17 8 9 4 1 3 2 5 0 7 6 
17 11 6 1 0 3 4 5 6 7 2 
17 11 6 1 6 3 4 5 7 0 2 
16 12 4 1 6 3 4 5 7 2 0 
17 9 8 1 7 3 4 5 0 6 2 
16 10 6 1 7 3 4 5 6 0 2 
15 11 4 1 7 3 4 5 6 2 0 
17 9 8 1 3 0 4 5 7 6 2 
17 6 11 4 7 1 0 5 6 3 2 
17 11 6 1 7 2 0 5 6 3 4 
17 11 6 1 7 2 4 5 6 0 3 
17 9 8 5 6 3 4 1 0 7 2 
17 9 8 0 2 4 3 5 6 7 1 
14 12 2 1 2 4 3 5 6 7 0 
17 13 4 1 2 4 0 5 6 7 3 
17 13 4 1 2 4 3 5 6 0 7 
18 4 14 4 7 3 5 0 6 1 2 
16 6 10 4 7 3 5 2 6 1 0 
18 5 13 4 7 0 2 5 6 1 3 
17 6 11 4 7 2 0 5 6 1 3 
18 6 12 6 7 3 4 5 0 1 2 
17 7 10 6 7 3 4 5 1 0 2 
16 8 8 6 7 3 4 5 1 2 0 
18 8 10 2 7 3 4 0 6 1 5 
18 8 10 0 7 3 1 5 6 2 4 
16 10 6 1 7 3 0 5 6 2 4 
18 7 11 4 6 0 3 5 1 2 7 
17 8 9 4 6 2 3 5 1 0 7 
16 9 7 4 6 2 3 5 1 7 0 
17 8 9 4 6 3 0 5 1 2 7 
18 7 11 0 6 7 3 5 1 2 4 
18 8 10 2 4 0 3 5 6 1 7 
17 9 8 2 4 1 3 5 6 0 7 
16 10 6 2 4 1 3 5 6 7 0 
17 9 8 2 4 3 0 5 6 1 7 
18 8 10 2 7 0 3 5 6 1 4 
17 9 8 2 7 1 3 5 6 0 4 
18 5 13 4 0 6 3 5 1 7 2 
18 9 9 0 6 3 2 5 1 7 4 
18 7 11 2 4 7 3 5 0 6 1 
18 6 12 7 0 1 3 5 6 2 4 
17 7 10 7 1 0 3 5 6 2 4 
16 8 8 7 1 2 3 5 6 0 4 
16 8 8 7 1 3 0 5 6 2 4 
15 9 6 7 1 3 4 5 6 2 0 
17 9 8 7 1 2 3 5 6 4 0 
18 6 12 7 0 3 2 5 6 1 4 
18 5 13 4 7 3 2 0 5 6 1 
16 7 9 4 7 3 2 1 5 6 0 
18 6 12 4 7 2 1 5 0 6 3 
18 6 12 7 0 1 4 5 6 2 3 
17 7 10 7 1 0 4 5 6 2 3 
16 8 8 7 1 2 4 5 6 0 3 
15 9 6 7 1 2 4 5 6 3 0 
18 8 10 0 7 3 4 5 6 2 1 
18 9 9 0 1 3 2 5 7 6 4 
18 7 11 0 6 7 4 5 1 2 3 
18 4 14 5 4 7 3 6 0 1 2 
17 5 12 5 4 7 3 6 1 0 2 
16 6 10 5 4 7 3 6 1 2 0 
18 6 12 5 4 7 0 2 6 1 3 
18 5 13 3 4 0 7 5 6 1 2 
17 6 11 3 4 1 7 5 6 0 2 
17 7 10 3 4 1 7 5 6 2 0 
18 7 11 3 4 7 1 5 6 0 2 
17 8 9 3 4 7 1 5 6 2 0 
18 9 9 2 4 7 1 5 6 0 3 
17 10 7 2 4 7 1 5 6 3 0 
18 8 10 6 0 3 4 5 1 7 2 
17 9 8 6 1 3 4 5 0 7 2 
18 7 11 4 1 6 0 5 7 2 3 
18 11 7 1 6 3 4 0 5 7 2 
17 13 4 1 6 3 4 2 5 7 0 
18 6 12 4 0 7 3 5 6 2 1 
18 6 12 4 0 7 1 5 6 3 2 
18 6 12 4 0 3 1 5 7 6 2 
18 9 9 2 0 7 4 5 6 3 1 
18 9 9 2 7 4 0 5 6 3 1 
17 10 7 2 7 4 1 5 6 3 0 
18 9 9 2 0 3 4 5 7 6 1 
18 4 14 0 7 1 3 4 5 6 2 
17 6 11 3 7 1 0 4 5 6 2 
17 7 10 2 7 1 3 4 5 6 0 
18 6 12 4 7 1 0 2 5 6 3 
18 6 12 4 7 1 3 2 5 0 6 
18 6 12 4 6 7 3 2 5 0 1 
18 6 12 5 0 3 4 6 7 1 2 
18 8 10 5 7 3 0 6 1 2 4 
18 11 7 2 7 3 1 5 6 4 0 
18 6 12 4 6 7 2 5 0 3 1 
18 6 12 0 4 7 2 5 6 3 1 
15 9 6 1 4 7 2 5 6 3 0 
17 8 9 2 4 7 0 5 6 3 1 
16 9 7 2 4 7 1 5 6 3 0 
18 8 10 5 7 2 4 0 6 3 1 
16 10 6 5 7 2 4 1 6 3 0 
18 6 12 0 4 3 2 5 7 6 1 
15 9 6 1 4 3 2 5 7 6 0 
17 8 9 2 4 3 0 5 7 6 1 
16 9 7 2 4 3 1 5 7 6 0 
18 6 12 4 3 0 2 5 7 6 1 
17 7 10 4 3 2 0 5 7 6 1 
16 8 8 4 3 2 1 5 7 6 0 
18 6 12 4 6 7 1 5 0 2 3 
17 7 10 4 6 7 1 5 2 0 3 
16 8 8 4 6 7 1 5 2 3 0 
18 6 12 0 4 7 1 5 6 2 3 
16 8 8 1 4 7 0 5 6 2 3 
15 9 6 1 4 7 3 5 6 2 0 
18 8 10 5 7 1 4 3 6 2 0 
18 8 10 7 6 3 0 5 1 2 4 
18 6 12 7 3 4 0 5 6 1 2 
17 7 10 7 3 4 2 5 6 1 0 
18 8 10 7 3 1 0 5 6 2 4 
18 5 13 5 4 1 3 0 7 6 2 
17 7 10 5 4 1 3 2 7 6 0 
18 6 12 3 4 1 0 5 7 6 2 
17 7 10 3 4 1 2 5 7 6 0 
18 8 10 2 4 1 0 5 7 6 3 
18 8 10 2 4 1 3 5 7 0 6 
18 7 11 5 4 0 3 2 6 7 1 
17 8 9 5 4 3 0 2 6 7 1 
16 9 7 5 4 3 1 2 6 7 0 
18 7 11 5 4 7 3 2 0 6 1 
18 7 11 3 4 0 2 5 6 7 1 
17 8 9 3 4 2 0 5 6 7 1 
16 9 7 3 4 2 1 5 6 7 0 
18 9 9 2 6 4 3 5 0 7 1 
18 12 6 2 1 3 4 5 0 7 6 
18 12 6 1 3 0 4 5 6 7 2 
18 10 8 1 3 6 4 5 7 0 2 
17 11 6 1 3 6 4 5 7 2 0 
18 10 8 1 3 4 0 5 7 6 2 
17 11 6 1 3 4 2 5 7 6 0 
18 10 8 5 0 3 4 1 6 7 2 
18 10 8 5 6 3 4 1 7 0 2 
17 11 6 5 6 3 4 1 7 2 0 
18 10 8 5 2 4 3 0 6 7 1 
16 12 4 5 2 4 3 1 6 7 0 
18 11 7 3 2 4 0 5 6 7 1 
17 12 5 3 2 4 1 5 6 7 0 
18 14 4 1 2 0 4 5 6 7 3 
18 7 11 4 7 3 5 2 6 0 1 
18 9 9 4 6 3 7 5 1 2 0 
18 10 8 1 6 7 3 5 0 2 4 
17 11 6 1 6 7 3 5 2 0 4 
18 10 8 2 4 3 7 5 6 1 0 
18 10 8 2 7 1 3 5 6 4 0 
18 12 6 1 6 3 2 5 0 7 4 
18 10 8 7 1 3 4 5 6 0 2 
18 8 10 7 1 4 0 5 6 2 3 
17 9 8 7 1 4 3 5 6 2 0 
18 10 8 7 1 2 0 5 6 3 4 
18 10 8 1 0 3 2 5 7 6 4 
18 10 8 1 6 7 4 5 0 2 3 
17 11 6 1 6 7 4 5 2 0 3 
16 12 4 1 6 7 4 5 2 3 0 
18 10 8 3 6 7 4 5 1 2 0 
18 6 12 5 4 0 3 6 1 7 2 
17 7 10 5 4 3 0 6 1 7 2 
16 8 8 5 4 3 2 6 1 7 0 
18 7 11 3 4 1 7 5 0 6 2 
18 8 10 3 4 1 0 5 6 2 7 
18 10 8 6 1 3 4 5 7 0 2 
17 11 6 6 1 3 4 5 7 2 0 
18 10 8 0 2 7 4 5 6 3 1 
15 13 2 1 2 7 4 5 6 3 0 
18 10 8 0 2 3 4 5 7 6 1 
15 13 2 1 2 3 4 5 7 6 0 
18 7 11 3 7 1 2 4 5 6 0 
18 10 8 1 4 7 0 5 6 3 2 
18 10 8 1 4 7 2 5 6 0 3 
18 10 8 1 4 3 0 5 7 6 2 
18 10 8 1 4 3 2 5 7 0 6 
18 8 10 4 6 0 1 5 2 7 3 
18 10 8 1 4 7 3 5 6 0 2 
18 12 6 1 6 0 3 5 2 7 4 
17 13 4 1 6 3 0 5 2 7 4 
16 14 2 1 6 3 4 5 2 7 0 
18 12 6 1 6 7 3 5 2 4 0 
18 12 6 1 6 0 4 5 2 7 3 
18 8 10 3 4 1 7 0 5 6 2 
16 10 6 3 4 1 7 2 5 6 0 
18 14 4 1 2 7 0 5 6 3 4 
18 14 4 1 2 7 4 5 6 0 3 
18 14 4 1 2 3 0 5 7 6 4 
18 14 4 1 2 3 4 5 7 0 6 
18 9 9 4 6 1 0 5 2 7 3 
17 10 7 4 6 1 3 5 2 7 0 
19 9 10 2 7 0 4 5 6 1 3 
18 10 8 2 7 1 4 5 6 0 3 
17 11 6 2 7 1 4 5 6 3 0 
19 7 12 4 7 3 1 0 6 2 5 
19 6 13 4 6 7 3 0 1 2 5 
19 5 14 6 4 7 3 5 0 1 2 
18 6 12 6 4 7 3 5 1 0 2 
17 7 10 6 4 7 3 5 1 2 0 
19 7 12 2 4 7 3 0 6 1 5 
19 7 12 5 0 3 4 7 6 1 2 
19 8 11 4 6 3 7 5 1 0 2 
19 8 11 4 6 3 2 0 1 7 5 
19 9 10 0 7 2 1 5 6 3 4 
19 8 11 4 1 3 6 5 7 0 2 
18 9 9 4 1 3 6 5 7 2 0 
19 8 11 4 1 3 2 0 7 6 5 
19 6 13 4 6 0 7 5 1 2 3 
18 7 11 4 6 2 7 5 1 0 3 
17 8 9 4 6 2 7 5 1 3 0 
18 9 9 4 6 2 0 5 1 3 7 
19 8 11 4 6 7 2 5 1 0 3 
18 9 9 4 6 7 2 5 1 3 0 
19 6 13 5 4 7 0 3 6 1 2 
19 7 12 3 4 7 5 0 6 1 2 
17 9 8 3 4 7 5 2 6 1 0 
19 7 12 2 4 0 7 5 6 1 3 
18 8 10 2 4 1 7 5 6 0 3 
17 9 8 2 4 1 7 5 6 3 0 
18 10 8 2 4 1 0 5 6 3 7 
19 8 11 5 7 0 4 2 6 3 1 
19 8 11 5 7 3 4 2 0 6 1 
19 8 11 4 6 0 2 5 1 3 7 
19 8 11 4 6 3 2 5 0 1 7 
19 9 10 3 7 1 4 5 6 0 2 
19 8 11 4 1 0 2 5 7 3 6 
18 9 9 4 1 2 0 5 7 3 6 
19 5 14 4 7 1 3 6 0 2 5 
18 6 12 4 7 1 3 6 2 0 5 
18 7 11 4 7 1 3 6 2 5 0 
19 7 12 4 7 2 3 5 0 6 1 
19 5 14 4 7 3 2 6 0 1 5 
18 6 12 4 7 3 2 6 1 0 5 
18 7 11 4 7 3 2 6 1 5 0 
19 7 12 4 7 3 0 2 6 1 5 
19 6 13 4 7 3 1 0 5 6 2 
17 8 9 4 7 3 1 2 5 6 0 
19 9 10 2 7 3 4 0 5 6 1 
17 11 6 2 7 3 4 1 5 6 0 
19 6 13 4 7 1 0 3 5 6 2 
19 6 13 4 6 7 0 2 5 1 3 
19 7 12 5 7 0 4 6 1 3 2 
19 10 9 5 7 3 1 2 6 0 4 
19 8 11 5 7 1 3 4 6 2 0 
19 7 12 5 7 1 3 6 0 2 4 
18 8 10 5 7 1 3 6 2 0 4 
19 8 11 3 7 0 1 5 6 2 4 
18 9 9 3 7 2 1 5 6 0 4 
19 8 11 5 7 3 2 4 6 1 0 
19 7 12 5 7 3 2 6 0 1 4 
18 8 10 5 7 3 2 6 1 0 4 
19 8 11 7 0 2 4 5 6 3 1 
18 9 9 7 2 0 4 5 6 3 1 
17 10 7 7 2 3 4 5 6 0 1 
17 11 6 7 2 3 4 5 6 1 0 
19 7 12 5 7 1 4 6 0 2 3 
18 8 10 5 7 1 4 6 2 0 3 
17 9 8 5 7 1 4 6 2 3 0 
19 6 13 7 6 3 4 0 5 1 2 
18 8 10 7 6 3 4 2 5 1 0 
19 7 12 7 6 0 4 5 1 3 2 
19 10 9 0 6 3 4 5 1 2 7 
19 7 12 7 3 1 4 5 0 6 2 
19 10 9 0 3 1 4 5 6 2 7 
19 11 8 5 6 3 0 2 1 7 4 
19 11 8 5 6 3 4 2 1 0 7 
19 7 12 4 1 6 3 0 5 7 2 
18 9 9 4 1 6 3 2 5 7 0 
19 9 10 5 1 3 4 7 0 6 2 
18 10 8 5 1 3 4 7 6 0 2 
17 11 6 5 1 3 4 7 6 2 0 
19 11 8 5 1 3 0 2 7 6 4 
19 11 8 5 1 3 4 2 7 0 6 
19 9 10 4 1 3 2 0 5 7 6 
18 11 7 4 1 3 2 6 5 7 0 
19 12 7 0 1 3 4 5 6 7 2 
17 15 2 2 1 3 4 5 6 7 0 
19 13 6 1 6 3 0 5 7 2 4 
19 10 9 1 7 3 4 0 5 6 2 
18 12 6 1 7 3 4 2 5 6 0 
19 11 8 1 7 0 4 5 6 3 2 
19 8 11 0 7 1 4 5 6 3 2 
19 15 4 1 2 0 3 5 6 7 4 
18 16 2 1 2 3 0 5 6 7 4 
17 17 0 1 2 3 4 5 6 7 0 
