10 0 10 5 1 3 6 7 2 0 4 
11 1 10 5 1 3 6 7 2 4 0 
12 2 10 5 1 3 0 7 2 4 6 
13 1 12 5 1 0 6 7 2 3 4 
12 2 10 5 1 6 0 7 2 3 4 
11 3 8 5 1 6 4 7 2 3 0 
13 1 12 5 1 3 6 7 0 2 4 
13 5 8 5 1 3 4 7 2 0 6 
12 6 6 5 1 3 4 7 2 6 0 
13 2 11 5 1 3 6 0 7 2 4 
13 5 8 5 1 3 0 6 7 2 4 
12 6 6 5 1 3 4 6 7 2 0 
14 3 11 5 1 3 6 0 2 4 7 
14 5 9 5 1 3 7 0 2 4 6 
14 4 10 5 1 6 4 7 2 0 3 
14 5 9 5 1 6 4 0 2 3 7 
14 3 11 0 1 3 6 5 7 2 4 
13 5 8 6 1 3 0 5 7 2 4 
12 6 6 6 1 3 4 5 7 2 0 
14 4 10 5 1 3 6 2 0 4 7 
13 5 8 5 1 3 6 2 4 0 7 
14 6 8 5 1 3 0 6 2 4 7 
14 6 8 5 1 3 7 2 0 4 6 
13 7 6 5 1 3 7 2 4 0 6 
12 8 4 5 1 3 7 2 4 6 0 
14 4 10 1 0 3 6 5 7 2 4 
14 6 8 5 1 3 6 2 4 7 0 
15 3 12 5 1 0 3 7 2 4 6 
14 4 10 5 1 4 3 7 2 0 6 
13 5 8 5 1 4 3 7 2 6 0 
15 5 10 5 1 6 3 7 2 0 4 
15 7 8 5 1 3 0 7 2 6 4 
15 8 7 5 1 3 4 0 2 6 7 
15 4 11 5 1 3 6 4 7 2 0 
15 7 8 5 1 3 4 6 7 0 2 
15 4 11 0 1 3 6 5 2 4 7 
14 6 8 6 1 3 0 5 2 4 7 
15 7 8 5 1 3 7 6 2 4 0 
15 5 10 5 1 0 4 7 2 6 3 
15 6 9 0 1 6 4 5 2 3 7 
15 6 9 4 1 3 6 5 7 2 0 
15 7 8 6 1 3 4 5 7 0 2 
15 9 6 5 1 3 4 6 2 0 7 
14 10 4 5 1 3 4 6 2 7 0 
15 9 6 5 1 3 0 2 4 6 7 
15 5 10 1 7 3 6 5 0 2 4 
14 6 8 1 7 3 6 5 2 0 4 
15 5 10 1 3 0 6 5 7 2 4 
14 6 8 1 3 2 6 5 7 0 4 
14 6 8 1 3 6 0 5 7 2 4 
13 7 6 1 3 6 4 5 7 2 0 
15 7 8 5 1 3 0 2 4 7 6 
15 5 10 1 0 3 6 5 2 4 7 
14 6 8 1 2 3 6 5 0 4 7 
15 7 8 6 1 3 7 5 2 4 0 
15 9 6 6 1 3 4 5 2 0 7 
14 10 4 6 1 3 4 5 2 7 0 
15 7 8 1 0 6 4 5 2 3 7 
14 8 6 1 2 6 4 5 0 3 7 
14 8 6 1 6 0 4 5 2 3 7 
13 9 4 1 6 3 4 5 2 0 7 
12 10 2 1 6 3 4 5 2 7 0 
15 7 8 1 7 3 6 5 2 4 0 
15 7 8 1 3 2 6 5 0 7 4 
15 7 8 1 3 2 6 5 7 4 0 
15 7 8 1 2 3 6 5 4 0 7 
14 8 6 1 2 3 6 5 4 7 0 
15 9 6 1 2 6 4 5 3 0 7 
14 10 4 1 2 6 4 5 3 7 0 
15 9 6 1 6 4 0 5 2 3 7 
15 11 4 1 6 3 0 5 2 7 4 
15 9 6 1 2 3 0 5 4 7 6 
16 4 12 0 1 3 5 7 2 4 6 
15 5 10 7 1 3 5 0 2 4 6 
15 6 9 7 1 3 5 2 0 4 6 
14 7 7 7 1 3 5 2 4 0 6 
13 8 5 7 1 3 5 2 4 6 0 
16 2 14 5 0 1 6 7 2 3 4 
15 3 12 5 2 1 6 7 0 3 4 
15 4 11 5 2 1 6 0 7 3 4 
15 7 8 5 2 1 0 6 7 3 4 
14 8 6 5 2 1 4 6 7 3 0 
16 5 11 5 1 6 7 0 2 3 4 
15 7 8 5 1 6 7 4 2 3 0 
16 6 10 5 1 0 4 7 2 3 6 
16 2 14 5 0 3 6 7 1 2 4 
16 6 10 5 1 3 4 7 0 2 6 
16 6 10 5 1 0 3 6 7 2 4 
15 7 8 5 1 2 3 6 7 0 4 
16 8 8 5 1 3 2 6 7 0 4 
16 6 10 5 1 6 4 2 0 3 7 
16 6 10 6 1 0 3 5 7 2 4 
15 7 8 6 1 2 3 5 7 0 4 
16 8 8 6 1 3 2 5 7 0 4 
16 6 10 5 1 0 6 2 4 3 7 
15 7 8 5 1 6 0 2 4 3 7 
14 8 6 5 1 6 7 2 4 3 0 
16 8 8 5 1 0 7 2 4 3 6 
16 6 10 5 1 4 0 7 2 6 3 
16 7 9 5 1 4 3 0 2 6 7 
16 6 10 5 1 0 3 7 2 6 4 
16 6 10 5 1 6 3 7 2 4 0 
16 9 7 0 1 3 4 5 2 6 7 
16 5 11 5 1 3 0 4 7 2 6 
16 8 8 5 1 3 4 6 0 7 2 
16 8 8 5 1 3 7 6 2 0 4 
16 7 9 4 1 3 0 5 7 2 6 
16 8 8 6 1 3 4 5 0 7 2 
16 8 8 1 3 6 4 5 7 0 2 
16 6 10 1 3 0 6 5 2 4 7 
15 7 8 1 3 4 6 5 2 0 7 
14 8 6 1 3 4 6 5 2 7 0 
15 7 8 1 3 6 0 5 2 4 7 
14 8 6 1 3 6 7 5 2 4 0 
15 9 6 1 3 4 0 5 2 7 6 
16 7 9 1 2 3 6 0 5 4 7 
16 8 8 6 1 3 7 5 2 0 4 
16 9 7 1 2 6 4 0 5 3 7 
16 10 6 1 6 3 4 5 0 2 7 
16 8 8 1 7 3 0 5 2 4 6 
16 8 8 1 3 2 0 5 7 4 6 
16 10 6 1 2 0 4 5 3 6 7 
16 10 6 1 6 4 7 5 2 3 0 
16 5 11 1 0 3 5 7 2 4 6 
15 6 9 1 3 0 5 7 2 4 6 
14 7 7 1 3 5 0 7 2 4 6 
15 8 7 1 3 5 6 7 2 4 0 
15 10 5 1 3 5 7 0 2 4 6 
15 11 4 1 3 5 7 2 0 4 6 
14 12 2 1 3 5 7 2 4 0 6 
13 13 0 1 3 5 7 2 4 6 0 
