11 0 11 7 2 3 6 4 1 5 0 
12 1 11 7 2 3 0 4 1 5 6 
14 1 13 7 2 3 6 4 1 0 5 
14 3 11 0 2 3 7 4 1 5 6 
14 4 10 2 0 3 7 4 1 5 6 
13 5 8 2 1 3 7 4 0 5 6 
13 5 8 2 3 0 7 4 1 5 6 
12 6 6 2 3 5 7 4 1 0 6 
11 7 4 2 3 5 7 4 1 6 0 
13 6 7 2 1 3 7 0 4 5 6 
14 6 8 1 2 3 7 4 0 5 6 
14 6 8 2 1 3 7 4 5 0 6 
13 7 6 2 1 3 7 4 5 6 0 
14 6 8 2 3 7 0 4 1 5 6 
14 8 6 2 3 5 0 4 1 6 7 
14 7 7 0 1 3 7 2 4 5 6 
14 8 6 2 1 3 7 6 4 5 0 
14 7 7 1 2 3 7 0 4 5 6 
14 8 6 1 0 3 7 2 4 5 6 
13 9 4 1 3 0 7 2 4 5 6 
12 10 2 1 3 5 7 2 4 0 6 
11 11 0 1 3 5 7 2 4 6 0 
