13 0 13 5 4 6 7 3 0 2 1 
12 1 11 5 4 6 7 3 2 0 1 
12 2 10 5 4 6 7 3 2 1 0 
13 1 12 5 4 6 7 0 3 2 1 
11 3 8 5 4 6 7 1 3 2 0 
13 2 11 5 4 0 7 3 2 6 1 
13 4 9 5 4 6 7 1 3 0 2 
14 1 13 5 0 6 7 3 4 2 1 
14 4 10 5 4 6 0 1 3 2 7 
14 3 11 5 4 7 0 3 2 6 1 
13 4 9 5 4 7 1 3 2 6 0 
14 5 9 5 4 0 7 1 3 6 2 
14 2 12 0 5 6 7 3 4 2 1 
11 5 6 1 5 6 7 3 4 2 0 
13 3 10 3 5 6 7 0 4 2 1 
11 5 6 3 5 6 7 1 4 2 0 
13 6 7 1 5 6 7 3 4 0 2 
13 6 7 3 5 6 7 1 4 0 2 
14 6 8 1 5 6 0 3 4 2 7 
14 6 8 3 5 6 0 1 4 2 7 
14 7 7 1 5 0 7 3 4 6 2 
14 7 7 3 5 0 7 1 4 6 2 
15 3 12 5 4 6 0 3 2 1 7 
15 2 13 5 6 0 7 3 4 2 1 
15 6 9 5 4 7 0 1 3 6 2 
15 4 11 3 5 6 7 4 0 2 1 
14 5 9 3 5 6 7 4 2 0 1 
14 6 8 3 5 6 7 4 2 1 0 
15 8 7 1 0 5 7 3 4 6 2 
15 8 7 1 5 7 0 3 4 6 2 
15 8 7 3 0 5 7 1 4 6 2 
15 8 7 3 5 7 0 1 4 6 2 
15 6 9 3 5 0 7 4 2 6 1 
15 9 6 0 3 5 7 1 4 6 2 
14 10 4 1 3 5 7 0 4 6 2 
12 12 0 1 3 5 7 2 4 6 0 
