12 0 12 5 6 4 7 3 2 1 0 
13 1 12 5 6 4 0 3 2 1 7 
14 1 13 5 6 4 7 3 2 0 1 
14 2 12 5 6 0 4 3 2 1 7 
13 3 10 5 6 1 4 3 2 0 7 
12 4 8 5 6 1 4 3 2 7 0 
15 2 13 5 6 4 7 0 2 1 3 
15 4 11 5 6 4 1 3 2 0 7 
14 5 9 5 6 4 1 3 2 7 0 
15 4 11 5 6 4 3 0 2 1 7 
15 2 13 5 6 0 7 3 2 4 1 
15 5 10 5 6 1 0 3 2 7 4 
15 6 9 5 6 1 4 0 2 7 3 
16 4 12 5 6 1 4 3 0 2 7 
16 3 13 0 6 4 7 5 2 1 3 
16 5 11 0 6 4 3 5 2 1 7 
16 6 10 5 6 4 3 7 2 1 0 
16 3 13 5 0 6 7 3 2 4 1 
16 3 13 5 6 7 0 3 2 4 1 
15 4 11 5 6 7 1 3 2 4 0 
16 7 9 0 6 1 4 5 2 7 3 
16 5 11 5 6 1 4 0 3 2 7 
16 6 10 3 6 4 7 5 2 1 0 
16 4 12 0 5 6 7 3 2 4 1 
13 7 6 1 5 6 7 3 2 4 0 
15 5 10 3 5 6 7 0 2 4 1 
13 7 6 3 5 6 7 1 2 4 0 
15 6 9 3 5 6 7 2 0 4 1 
14 7 7 3 5 6 7 2 4 0 1 
14 8 6 3 5 6 7 2 4 1 0 
15 8 7 3 5 0 7 2 4 6 1 
16 5 11 5 6 7 1 3 2 0 4 
16 10 6 3 6 1 4 5 2 7 0 
16 8 8 1 5 6 0 3 2 4 7 
16 8 8 1 5 6 7 3 2 0 4 
16 8 8 3 5 6 0 1 2 4 7 
16 8 8 3 5 6 7 1 2 0 4 
16 9 7 3 0 5 7 2 4 6 1 
16 9 7 3 5 7 0 2 4 6 1 
15 10 5 3 5 7 1 2 4 6 0 
16 10 6 0 3 5 7 2 4 6 1 
13 13 0 1 3 5 7 2 4 6 0 
