10 0 10 5 6 2 3 7 1 0 4 
11 1 10 5 6 2 3 7 1 4 0 
13 1 12 5 6 0 3 7 1 2 4 
12 2 10 5 6 3 0 7 1 2 4 
11 3 8 5 6 3 4 7 1 2 0 
13 1 12 5 6 2 3 7 0 1 4 
13 2 11 5 6 2 3 0 7 1 4 
14 2 12 5 6 2 0 7 1 4 3 
14 3 11 5 6 2 3 0 1 4 7 
14 4 10 5 6 3 4 7 1 0 2 
14 5 9 5 6 3 4 0 1 2 7 
14 2 12 5 0 2 3 7 6 1 4 
13 3 10 5 2 0 3 7 6 1 4 
12 4 8 5 2 1 3 7 6 0 4 
12 4 8 5 2 3 0 7 6 1 4 
11 5 6 5 2 3 4 7 6 1 0 
13 5 8 5 2 1 3 7 6 4 0 
13 6 7 5 2 3 4 7 6 0 1 
14 3 11 0 6 2 3 5 7 1 4 
14 4 10 5 6 2 3 1 0 4 7 
14 6 8 5 6 3 4 1 0 2 7 
13 7 6 5 6 3 4 1 2 0 7 
12 8 4 5 6 3 4 1 2 7 0 
14 7 7 5 2 3 1 7 6 0 4 
14 7 7 5 2 3 4 0 6 1 7 
15 5 10 5 6 3 2 7 1 0 4 
15 4 11 5 6 2 3 4 7 1 0 
15 5 10 5 6 2 4 7 1 0 3 
14 6 8 5 6 2 4 7 1 3 0 
15 4 11 0 6 2 3 5 1 4 7 
15 6 9 0 6 3 4 5 1 2 7 
15 5 10 5 2 1 3 7 0 6 4 
15 5 10 3 6 2 0 5 7 1 4 
14 6 8 3 6 2 4 5 7 1 0 
15 6 9 4 6 2 3 5 7 1 0 
15 5 10 5 0 2 3 1 6 4 7 
14 6 8 5 2 0 3 1 6 4 7 
13 7 6 5 2 4 3 1 6 0 7 
12 8 4 5 2 4 3 1 6 7 0 
13 7 6 5 2 3 0 1 6 4 7 
14 8 6 5 2 3 7 1 6 4 0 
14 10 4 5 2 3 4 1 6 0 7 
13 11 2 5 2 3 4 1 6 7 0 
15 5 10 5 6 2 3 1 4 0 7 
14 6 8 5 6 2 3 1 4 7 0 
15 7 8 5 0 3 4 1 6 2 7 
15 9 6 5 6 3 0 1 2 7 4 
15 8 7 5 2 3 1 7 6 4 0 
15 8 7 0 2 3 4 5 6 1 7 
15 7 8 1 6 2 3 5 0 4 7 
15 9 6 1 6 3 4 5 0 2 7 
14 10 4 1 6 3 4 5 2 0 7 
13 11 2 1 6 3 4 5 2 7 0 
15 6 9 5 2 1 3 0 7 6 4 
15 9 6 5 2 4 0 1 6 7 3 
15 9 6 5 2 3 7 1 6 0 4 
16 2 14 5 0 6 3 7 1 2 4 
15 3 12 5 1 6 3 7 0 2 4 
14 4 10 5 1 6 3 7 2 0 4 
15 4 11 5 1 6 3 0 7 2 4 
15 5 10 5 1 0 3 7 2 6 4 
14 6 8 5 1 3 0 7 2 6 4 
13 7 6 5 1 3 4 7 2 6 0 
15 5 10 5 1 6 3 7 2 4 0 
16 5 11 5 6 3 7 0 1 2 4 
16 3 13 0 5 2 3 7 6 1 4 
16 7 9 5 2 3 7 0 6 1 4 
16 6 10 5 2 1 0 7 6 4 3 
16 7 9 5 2 1 3 0 6 4 7 
16 7 9 5 2 0 4 7 6 3 1 
16 7 9 5 2 3 4 7 0 6 1 
16 4 12 6 0 2 3 5 7 1 4 
15 5 10 6 2 0 3 5 7 1 4 
14 6 8 6 2 1 3 5 7 0 4 
14 6 8 6 2 3 0 5 7 1 4 
13 7 6 6 2 3 4 5 7 1 0 
15 7 8 6 2 1 3 5 0 7 4 
15 7 8 6 2 1 3 5 7 4 0 
15 8 7 6 2 3 4 5 7 0 1 
16 8 8 5 6 0 4 1 2 3 7 
16 8 8 5 2 3 4 6 0 1 7 
15 9 6 5 2 3 4 6 1 0 7 
14 10 4 5 2 3 4 6 1 7 0 
16 6 10 5 6 3 2 7 1 4 0 
16 6 10 3 6 2 0 5 1 4 7 
16 7 9 3 6 2 4 5 7 0 1 
16 8 8 5 2 4 3 1 0 6 7 
16 12 4 5 2 3 0 1 6 7 4 
16 8 8 5 3 0 4 1 6 2 7 
15 9 6 5 3 2 4 1 6 0 7 
14 10 4 5 3 2 4 1 6 7 0 
16 8 8 1 0 2 3 5 6 4 7 
15 9 6 1 2 0 3 5 6 4 7 
14 10 4 1 2 4 3 5 6 0 7 
13 11 2 1 2 4 3 5 6 7 0 
14 10 4 1 2 3 0 5 6 4 7 
15 11 4 1 2 3 7 5 6 4 0 
15 13 2 1 2 3 4 5 6 0 7 
14 14 0 1 2 3 4 5 6 7 0 
