0 0 10 5 6 2 3 7 1 0 4 
0 0 10 5 6 2 3 7 1 4 0 
0 0 11 5 6 2 3 0 1 4 7 
0 0 10 5 6 2 3 1 0 4 7 
0 0 10 5 0 2 3 1 6 4 7 
0 0 8 5 2 0 3 1 6 4 7 
0 0 6 5 2 4 3 1 6 0 7 
0 0 4 5 2 4 3 1 6 7 0 
0 0 6 5 2 3 0 1 6 4 7 
0 0 4 5 2 3 4 1 6 0 7 
0 0 2 5 2 3 4 1 6 7 0 
0 0 4 5 2 3 0 1 6 7 4 
0 0 6 5 2 4 0 1 6 7 3 
0 0 6 5 2 0 3 1 6 7 4 
0 0 6 5 2 3 7 1 6 4 0 
0 0 6 5 2 0 4 1 6 3 7 
0 0 6 5 2 3 4 1 0 6 7 
0 0 6 5 2 3 4 0 6 7 1 
0 0 6 5 2 0 4 1 6 7 3 
0 0 6 0 2 3 4 1 6 7 5 
0 0 4 1 2 3 4 0 6 7 5 
0 0 0 1 2 3 4 5 6 7 0 
