10 0 10 3 7 6 5 4 1 2 0 
12 1 11 3 7 6 5 4 1 0 2 
13 1 12 3 7 6 0 4 1 2 5 
13 2 11 3 7 0 5 4 1 6 2 
12 3 9 3 7 5 0 4 1 6 2 
13 4 9 3 7 5 2 4 1 6 0 
14 3 11 3 0 7 5 4 1 6 2 
13 4 9 3 1 7 5 4 0 6 2 
13 5 8 3 1 7 5 0 4 6 2 
11 7 4 3 1 7 5 2 4 6 0 
14 4 10 0 3 7 5 4 1 6 2 
13 7 6 2 3 7 5 4 1 6 0 
14 5 9 3 1 7 5 4 6 0 2 
14 8 6 3 1 7 0 2 4 6 5 
14 8 6 3 1 7 5 2 4 0 6 
14 7 7 1 3 7 5 4 0 6 2 
14 6 8 3 1 7 5 4 6 2 0 
14 8 6 1 3 7 5 0 4 6 2 
12 10 2 1 3 7 5 2 4 6 0 
15 2 13 3 7 6 5 0 1 2 4 
15 3 12 3 7 0 5 4 1 2 6 
14 4 10 3 7 5 0 4 1 2 6 
15 2 13 3 7 6 5 4 0 1 2 
15 5 10 4 3 7 5 0 1 6 2 
13 7 6 4 3 7 5 2 1 6 0 
15 6 9 5 3 7 0 4 1 6 2 
15 9 6 3 1 0 7 2 4 6 5 
15 8 7 1 3 7 5 4 6 0 2 
15 11 4 1 3 7 0 2 4 6 5 
15 11 4 1 3 7 5 2 4 0 6 
15 3 12 3 7 6 5 1 0 2 4 
14 4 10 3 7 6 5 1 2 0 4 
13 5 8 3 7 6 5 1 2 4 0 
15 5 10 3 7 5 6 4 1 2 0 
15 3 12 3 7 6 5 0 4 1 2 
13 5 8 3 7 6 5 2 4 1 0 
15 6 9 4 3 7 5 1 0 6 2 
15 9 6 1 3 7 5 4 6 2 0 
15 5 10 3 7 0 5 1 2 6 4 
14 6 8 3 7 5 0 1 2 6 4 
15 6 9 3 7 6 5 2 4 0 1 
15 7 8 3 7 5 4 1 2 6 0 
16 2 14 3 7 0 6 4 1 2 5 
16 5 11 3 7 5 2 4 1 0 6 
16 6 10 0 1 7 5 3 4 6 2 
15 9 6 2 1 7 5 3 4 6 0 
16 10 6 3 1 0 5 2 4 6 7 
15 11 4 3 1 5 0 2 4 6 7 
14 12 2 3 1 5 7 2 4 6 0 
16 8 8 2 3 7 0 4 1 6 5 
16 8 8 2 3 7 5 4 1 0 6 
16 4 12 3 7 2 5 4 1 0 6 
15 5 10 3 7 2 5 4 1 6 0 
16 4 12 3 0 7 5 4 1 2 6 
15 5 10 3 1 7 5 4 0 2 6 
14 6 8 3 1 7 5 4 2 0 6 
13 7 6 3 1 7 5 4 2 6 0 
15 6 9 3 1 7 5 0 4 2 6 
16 8 8 4 3 7 0 2 1 6 5 
16 8 8 4 3 7 5 2 1 0 6 
16 7 9 5 3 7 2 4 1 6 0 
16 7 9 5 3 0 7 4 1 6 2 
16 10 6 3 1 6 7 2 4 0 5 
15 11 4 3 1 6 7 2 4 5 0 
16 12 4 1 3 0 7 2 4 6 5 
16 6 10 3 7 6 0 1 2 4 5 
16 6 10 3 7 6 0 2 4 1 5 
16 7 9 4 3 7 5 1 6 0 2 
16 6 10 3 0 7 5 1 2 6 4 
16 7 9 3 7 0 5 2 4 6 1 
15 8 7 3 7 5 0 2 4 6 1 
14 9 5 3 7 5 1 2 4 6 0 
16 7 9 1 0 7 5 3 4 6 2 
16 5 11 0 3 7 5 4 1 2 6 
16 8 8 3 1 7 0 4 2 6 5 
16 8 8 3 1 7 5 6 4 2 0 
16 8 8 4 3 7 5 1 6 2 0 
16 7 9 0 3 7 5 1 2 6 4 
15 8 7 1 3 7 5 0 2 6 4 
14 10 4 1 3 7 5 4 2 6 0 
15 9 6 1 3 7 5 2 0 6 4 
16 8 8 1 3 7 5 4 0 2 6 
15 9 6 1 3 7 5 4 2 0 6 
16 10 6 4 3 7 5 1 2 6 0 
16 10 6 1 3 7 5 2 6 0 4 
15 11 4 1 3 7 5 2 6 4 0 
16 9 7 1 3 7 5 0 4 2 6 
17 4 13 3 7 6 2 4 1 0 5 
16 5 11 3 7 6 2 4 1 5 0 
17 5 12 0 7 5 3 4 1 6 2 
16 8 8 2 7 5 3 4 1 6 0 
17 6 11 3 7 5 6 4 1 0 2 
17 8 9 3 0 7 5 1 4 6 2 
17 8 9 3 1 7 0 5 4 6 2 
17 6 11 3 1 0 5 4 6 7 2 
16 7 9 3 1 5 0 4 6 7 2 
17 9 8 3 1 0 5 2 4 7 6 
16 10 6 3 1 5 0 2 4 7 6 
17 9 8 3 1 7 5 2 0 4 6 
17 8 9 1 0 7 5 4 3 6 2 
17 7 10 3 1 7 0 4 6 2 5 
17 9 8 0 3 7 5 1 4 6 2 
16 12 4 2 3 7 5 1 4 6 0 
17 13 4 1 3 0 5 2 4 6 7 
16 14 2 1 3 5 0 2 4 6 7 
15 15 0 1 3 5 7 2 4 6 0 
