15 0 15 3 0 4 6 1 7 2 5 
15 1 14 3 7 4 6 1 0 2 5 
14 2 12 3 7 4 6 1 2 0 5 
13 3 10 3 7 4 6 1 2 5 0 
14 4 10 3 7 4 0 1 2 5 6 
15 1 14 0 3 4 6 1 7 2 5 
14 2 12 1 3 4 6 0 7 2 5 
12 4 8 1 3 4 6 5 7 2 0 
13 5 8 1 3 4 0 5 7 2 6 
14 3 11 6 3 4 0 1 7 2 5 
14 4 10 5 3 4 6 1 7 2 0 
14 5 9 1 3 4 0 6 7 2 5 
14 6 8 1 3 0 4 5 7 2 6 
13 7 6 1 3 2 4 5 7 0 6 
12 8 4 1 3 2 4 5 7 6 0 
14 8 6 1 3 2 4 5 0 7 6 
15 1 14 3 4 0 6 1 7 2 5 
14 2 12 3 4 6 0 1 7 2 5 
13 3 10 3 4 6 5 1 7 2 0 
15 3 12 3 7 0 6 1 2 4 5 
14 4 10 3 7 6 0 1 2 4 5 
13 5 8 3 7 6 5 1 2 4 0 
15 5 10 1 3 4 6 5 7 0 2 
15 4 11 6 3 4 5 1 7 2 0 
15 4 11 6 3 0 4 1 7 2 5 
14 5 9 6 3 2 4 1 7 0 5 
14 6 8 6 3 2 4 1 7 5 0 
15 5 10 5 3 4 0 1 7 2 6 
15 6 9 1 3 4 5 6 7 2 0 
15 6 9 1 3 0 4 6 7 2 5 
14 7 7 1 3 2 4 6 7 0 5 
14 8 6 1 3 2 4 6 7 5 0 
15 7 8 1 0 3 4 5 7 2 6 
15 9 6 1 3 2 0 5 7 6 4 
15 2 13 3 4 2 6 1 7 0 5 
15 4 11 3 4 6 5 1 7 0 2 
15 6 9 6 3 2 4 1 0 7 5 
15 8 7 1 3 2 4 6 0 7 5 
15 3 12 3 4 2 6 1 7 5 0 
15 9 6 1 3 2 4 0 6 7 5 
13 11 2 1 3 2 4 5 6 7 0 
16 3 13 1 3 4 6 7 0 2 5 
15 4 11 1 3 4 6 7 2 0 5 
14 5 9 1 3 4 6 7 2 5 0 
15 6 9 1 3 4 0 7 2 5 6 
16 8 8 1 3 4 2 5 7 0 6 
15 9 6 1 3 4 2 5 7 6 0 
16 9 7 1 3 2 4 0 5 7 6 
15 11 4 1 3 2 4 6 5 7 0 
16 4 12 3 0 7 6 1 2 4 5 
16 6 10 3 7 6 5 1 2 0 4 
16 6 10 1 3 4 6 5 0 7 2 
16 5 11 6 0 3 4 1 7 2 5 
16 6 10 5 3 0 4 1 7 2 6 
15 7 8 5 3 2 4 1 7 0 6 
14 8 6 5 3 2 4 1 7 6 0 
16 7 9 1 0 3 4 6 7 2 5 
16 8 8 1 7 3 4 5 0 2 6 
15 9 6 1 7 3 4 5 2 0 6 
14 10 4 1 7 3 4 5 2 6 0 
16 3 13 3 4 2 6 1 0 7 5 
16 5 11 3 4 0 5 1 7 6 2 
15 6 9 3 4 5 0 1 7 6 2 
16 5 11 3 4 6 5 1 0 7 2 
16 4 12 3 4 2 0 1 7 5 6 
16 12 4 1 3 2 0 5 6 7 4 
16 12 4 1 3 2 4 5 6 0 7 
16 5 11 1 3 0 6 7 2 4 5 
15 6 9 1 3 6 0 7 2 4 5 
14 7 7 1 3 6 5 7 2 4 0 
16 7 9 1 3 4 6 0 2 5 7 
16 9 7 1 3 4 7 0 2 5 6 
16 5 11 0 3 7 6 1 2 4 5 
15 6 9 1 3 7 6 0 2 4 5 
15 7 8 1 3 7 6 2 0 4 5 
14 8 6 1 3 7 6 2 4 0 5 
13 9 4 1 3 7 6 2 4 5 0 
14 10 4 1 3 7 0 2 4 5 6 
15 11 4 1 3 0 7 2 4 5 6 
14 12 2 1 3 5 7 2 4 0 6 
13 13 0 1 3 5 7 2 4 6 0 
