0 0 15 3 0 4 6 1 7 2 5 
0 0 14 3 7 4 6 1 0 2 5 
0 0 12 3 7 4 6 1 2 0 5 
0 0 10 3 7 4 6 1 2 5 0 
0 0 10 3 7 4 0 1 2 5 6 
0 0 10 3 7 4 5 1 2 0 6 
0 0 8 3 7 4 5 1 2 6 0 
0 0 10 3 7 0 5 1 2 4 6 
0 0 8 3 7 5 0 1 2 4 6 
0 0 8 3 7 5 6 1 2 4 0 
0 0 10 3 7 4 0 1 2 6 5 
0 0 10 3 7 0 5 1 2 6 4 
0 0 8 3 7 5 0 1 2 6 4 
0 0 8 3 7 5 4 1 2 6 0 
0 0 10 3 0 7 5 1 2 4 6 
0 0 9 0 3 7 5 1 2 4 6 
0 0 7 1 3 7 5 0 2 4 6 
0 0 6 1 3 7 5 6 2 4 0 
0 0 6 1 3 7 5 2 0 4 6 
0 0 4 1 3 7 5 2 4 0 6 
0 0 2 1 3 7 5 2 4 6 0 
0 0 4 1 3 7 0 2 4 6 5 
0 0 4 1 3 0 5 2 4 6 7 
0 0 2 1 3 5 0 2 4 6 7 
0 0 0 1 3 5 7 2 4 6 0 
