13 0 13 5 7 3 2 4 1 0 6 
12 1 11 5 7 3 2 4 1 6 0 
13 2 11 5 7 3 0 4 1 6 2 
14 3 11 5 7 3 2 0 1 6 4 
14 4 10 5 7 3 2 1 0 6 4 
13 5 8 5 7 3 2 1 6 0 4 
14 6 8 5 7 3 2 1 6 4 0 
15 4 11 0 7 3 2 5 1 6 4 
14 6 8 2 7 3 0 5 1 6 4 
13 7 6 2 7 3 4 5 1 6 0 
15 5 10 5 0 3 2 1 7 6 4 
15 7 8 1 7 3 2 5 0 6 4 
14 8 6 1 7 3 2 5 6 0 4 
15 9 6 1 7 3 2 5 6 4 0 
16 1 15 5 7 0 2 4 1 3 6 
15 2 13 5 7 2 0 4 1 3 6 
16 1 15 5 7 3 2 4 0 1 6 
16 3 13 5 7 0 3 4 1 6 2 
16 4 12 0 7 3 5 4 1 6 2 
15 7 8 2 7 3 5 4 1 6 0 
16 5 11 5 7 3 4 0 1 6 2 
15 7 8 5 7 3 4 2 1 6 0 
16 6 10 5 7 3 0 2 1 6 4 
16 6 10 5 7 0 2 1 6 3 4 
15 7 8 5 7 2 0 1 6 3 4 
14 8 6 5 7 2 4 1 6 3 0 
16 7 9 4 7 3 2 5 1 6 0 
16 8 8 2 7 3 4 5 1 0 6 
16 6 10 5 3 0 2 1 7 6 4 
15 7 8 5 3 2 0 1 7 6 4 
14 8 6 5 3 2 4 1 7 6 0 
16 8 8 1 0 3 2 5 7 6 4 
16 3 13 5 7 2 6 4 1 3 0 
16 5 11 5 7 2 4 0 1 3 6 
15 7 8 5 7 2 4 6 1 3 0 
16 2 14 5 7 3 2 0 4 1 6 
15 5 10 5 7 3 0 2 4 1 6 
16 7 9 1 7 3 5 4 0 6 2 
16 6 10 5 7 3 4 1 0 6 2 
15 7 8 5 7 3 4 1 6 0 2 
14 8 6 5 7 3 4 1 6 2 0 
16 6 10 5 7 2 4 1 0 3 6 
16 4 12 5 7 3 2 6 4 1 0 
16 6 10 5 7 3 6 2 4 1 0 
16 8 8 1 7 3 5 0 4 6 2 
14 10 4 1 7 3 5 2 4 6 0 
17 7 10 5 7 3 0 1 6 4 2 
17 5 12 7 0 3 2 5 1 6 4 
16 6 10 7 1 3 2 5 0 6 4 
15 7 8 7 1 3 2 5 6 0 4 
16 8 8 7 1 3 2 5 6 4 0 
17 7 10 2 7 0 3 5 1 6 4 
17 6 11 0 5 3 2 1 7 6 4 
16 7 9 1 5 3 2 0 7 6 4 
16 8 8 2 5 3 0 1 7 6 4 
15 9 6 2 5 3 4 1 7 6 0 
17 8 9 1 7 3 2 0 5 6 4 
17 9 8 1 7 0 2 5 6 3 4 
16 10 6 1 7 2 0 5 6 3 4 
15 11 4 1 7 2 4 5 6 3 0 
17 2 15 5 0 7 2 4 1 3 6 
16 3 13 5 1 7 2 4 0 3 6 
15 4 11 5 1 7 2 4 3 0 6 
14 5 9 5 1 7 2 4 3 6 0 
15 6 9 5 1 7 0 4 3 6 2 
16 4 12 5 1 7 2 0 4 3 6 
15 7 8 5 1 7 0 2 4 3 6 
16 7 9 5 1 0 7 4 3 6 2 
16 6 10 5 1 7 2 6 4 3 0 
16 8 8 5 1 7 6 2 4 3 0 
16 8 8 5 1 0 7 2 4 3 6 
15 9 6 5 1 3 7 2 4 0 6 
14 10 4 5 1 3 7 2 4 6 0 
17 2 15 5 0 3 2 4 7 1 6 
17 4 13 5 7 6 3 4 1 0 2 
17 4 13 5 0 7 3 4 1 6 2 
16 5 11 5 1 7 3 4 0 6 2 
16 6 10 5 1 7 3 0 4 6 2 
14 8 6 5 1 7 3 2 4 6 0 
17 5 12 4 7 3 5 0 1 6 2 
15 7 8 4 7 3 5 2 1 6 0 
17 5 12 7 0 3 5 4 1 6 2 
16 6 10 7 1 3 5 4 0 6 2 
16 6 10 7 3 0 5 4 1 6 2 
15 7 8 7 3 5 0 4 1 6 2 
16 7 9 7 1 3 5 0 4 6 2 
14 9 5 7 1 3 5 2 4 6 0 
16 8 8 7 3 5 2 4 1 6 0 
17 6 11 0 7 3 4 5 1 6 2 
17 7 10 5 0 7 2 1 6 3 4 
17 9 8 5 7 2 4 1 6 0 3 
17 7 10 5 3 6 2 1 7 0 4 
17 9 8 5 3 2 4 1 7 0 6 
17 9 8 1 3 0 2 5 7 6 4 
16 10 6 1 3 2 0 5 7 6 4 
15 11 4 1 3 2 4 5 7 6 0 
17 6 11 0 7 2 4 5 1 3 6 
17 8 9 5 7 3 1 2 4 0 6 
16 9 7 5 7 3 1 2 4 6 0 
17 8 9 1 7 3 5 4 6 0 2 
17 7 10 5 0 3 4 1 7 6 2 
17 9 8 5 7 3 0 1 6 2 4 
17 7 10 5 0 2 4 1 7 3 6 
16 8 8 5 2 0 4 1 7 3 6 
15 9 6 5 2 3 4 1 7 0 6 
14 10 4 5 2 3 4 1 7 6 0 
16 10 6 5 2 3 4 1 0 7 6 
17 7 10 5 7 2 4 1 3 0 6 
16 8 8 5 7 2 4 1 3 6 0 
17 11 6 1 7 3 0 2 4 6 5 
17 11 6 1 7 3 5 2 4 0 6 
17 3 14 0 5 7 2 4 1 3 6 
15 5 10 2 5 7 0 4 1 3 6 
16 6 10 2 5 7 6 4 1 3 0 
16 6 10 2 5 0 7 4 1 3 6 
15 7 8 2 5 3 7 4 1 0 6 
14 8 6 2 5 3 7 4 1 6 0 
17 8 9 5 1 6 7 4 3 0 2 
17 11 6 5 1 3 0 2 4 6 7 
17 5 12 5 7 6 3 4 1 2 0 
17 5 12 0 5 7 3 4 1 6 2 
16 7 9 3 5 7 0 4 1 6 2 
16 8 8 2 5 7 3 4 1 6 0 
17 6 11 5 1 7 3 4 6 0 2 
16 7 9 5 1 7 3 4 6 2 0 
17 9 8 5 1 7 0 2 4 6 3 
17 9 8 5 1 7 3 2 4 0 6 
17 6 11 4 7 3 5 1 0 6 2 
17 7 10 7 1 3 5 4 6 0 2 
17 7 10 7 3 6 5 4 1 0 2 
17 9 8 0 3 5 7 4 1 6 2 
16 12 4 2 3 5 7 4 1 6 0 
17 10 7 7 1 3 0 2 4 6 5 
17 10 7 7 1 3 5 2 4 0 6 
17 9 8 1 7 3 4 5 0 6 2 
16 10 6 1 7 3 4 5 6 0 2 
15 11 4 1 7 3 4 5 6 2 0 
17 9 8 1 7 2 4 5 0 3 6 
17 9 8 6 7 2 4 5 1 3 0 
17 9 8 1 7 3 5 4 6 2 0 
17 9 8 5 2 4 0 1 7 3 6 
17 11 6 5 2 3 0 1 7 6 4 
17 6 11 1 5 7 2 4 0 3 6 
16 7 9 1 5 7 2 4 3 0 6 
15 8 7 1 5 7 2 4 3 6 0 
16 9 7 1 5 7 0 4 3 6 2 
17 7 10 2 0 5 7 4 1 3 6 
16 8 8 2 1 5 7 4 0 3 6 
15 9 6 2 1 5 7 4 3 0 6 
14 10 4 2 1 5 7 4 3 6 0 
16 9 7 2 1 5 7 0 4 3 6 
17 9 8 2 5 3 0 4 1 6 7 
17 9 8 5 1 6 7 4 3 2 0 
17 8 9 1 5 7 3 4 0 6 2 
17 8 9 3 5 7 2 4 1 6 0 
17 8 9 3 5 0 7 4 1 6 2 
17 8 9 7 1 3 5 4 6 2 0 
17 8 9 7 3 6 5 4 1 2 0 
17 12 5 1 3 5 7 4 0 6 2 
17 7 10 1 5 7 2 0 4 3 6 
16 10 6 1 5 7 0 2 4 3 6 
17 10 7 1 5 0 7 4 3 6 2 
17 11 6 2 1 5 0 4 3 6 7 
17 10 7 0 1 5 7 2 4 3 6 
17 11 6 2 1 5 7 6 4 3 0 
17 9 8 1 5 7 3 0 4 6 2 
15 11 4 1 5 7 3 2 4 6 0 
17 13 4 1 3 5 7 0 4 6 2 
15 15 0 1 3 5 7 2 4 6 0 
