5 0 5 6 3 0 1 2 4 7 5 
6 1 5 6 3 7 1 2 4 0 5 
6 1 5 6 3 1 0 2 4 7 5 
6 2 4 6 3 7 1 2 4 5 0 
6 2 4 6 3 1 5 2 4 7 0 
7 1 6 6 0 3 1 2 4 7 5 
8 2 6 6 3 7 1 2 0 4 5 
8 3 5 0 3 1 6 2 4 7 5 
8 4 4 6 3 1 7 2 4 0 5 
8 3 5 6 3 7 0 2 4 5 1 
8 3 5 6 3 1 5 2 4 0 7 
8 2 6 6 4 3 1 2 0 7 5 
8 2 6 0 6 3 1 2 4 7 5 
8 5 3 6 3 1 7 2 4 5 0 
8 4 4 6 3 0 7 2 4 5 1 
8 5 3 6 3 5 7 2 4 0 1 
8 6 2 6 3 5 7 2 4 1 0 
9 5 4 6 3 0 7 2 4 1 5 
9 4 5 6 3 0 5 2 4 1 7 
9 3 6 6 4 3 1 0 2 7 5 
9 3 6 2 6 3 1 0 4 7 5 
9 4 5 1 6 3 0 2 4 7 5 
9 5 4 6 3 5 0 2 4 1 7 
9 5 4 6 4 3 1 5 2 7 0 
9 5 4 2 6 3 1 5 4 7 0 
9 5 4 1 6 3 5 2 4 7 0 
10 4 6 6 3 1 2 0 4 7 5 
10 4 6 6 3 7 1 0 4 5 2 
10 5 5 6 3 0 1 2 4 5 7 
10 5 5 0 3 7 1 2 4 5 6 
10 4 6 6 3 1 5 0 4 7 2 
10 5 5 6 3 0 5 2 4 7 1 
10 5 5 0 3 1 5 2 4 7 6 
10 3 7 6 0 7 1 2 3 4 5 
10 3 7 6 3 7 1 0 2 4 5 
10 4 6 2 3 1 6 0 4 7 5 
10 4 6 3 0 1 6 2 4 7 5 
10 6 4 5 3 1 6 2 4 7 0 
10 5 5 6 3 1 7 2 0 4 5 
10 5 5 0 3 7 6 2 4 5 1 
10 4 6 6 3 1 5 2 0 4 7 
10 3 7 6 4 3 1 2 7 0 5 
10 5 5 5 6 3 1 2 4 7 0 
10 5 5 6 0 3 7 2 4 5 1 
10 6 4 6 3 5 7 2 0 4 1 
10 4 6 0 4 3 1 6 2 7 5 
10 4 6 2 6 3 1 4 0 7 5 
10 5 5 1 6 0 3 2 4 7 5 
10 6 4 6 3 5 1 2 4 0 7 
10 6 4 6 3 5 0 2 4 7 1 
10 4 6 6 4 3 1 2 7 5 0 
10 5 5 2 0 3 1 4 6 7 5 
10 7 3 6 3 5 1 2 4 7 0 
10 6 4 0 2 3 1 4 6 7 5 
11 6 5 6 3 7 5 2 4 0 1 
11 5 6 4 6 3 1 2 0 7 5 
11 6 5 6 3 1 0 2 4 5 7 
11 6 5 6 0 3 7 2 4 1 5 
11 6 5 6 3 7 0 2 4 1 5 
11 5 6 6 0 3 5 2 4 1 7 
11 7 4 1 6 3 7 2 4 0 5 
11 7 4 0 3 5 6 2 4 1 7 
11 6 5 6 4 3 0 5 2 7 1 
11 6 5 2 6 3 0 5 4 7 1 
11 6 5 1 6 3 5 2 4 0 7 
11 5 6 0 3 1 2 6 4 7 5 
11 6 5 6 3 1 2 5 4 7 0 
11 5 6 0 3 7 1 6 4 5 2 
11 7 4 1 3 7 0 2 4 5 6 
11 5 6 0 3 1 5 6 4 7 2 
11 4 7 0 6 7 1 2 3 4 5 
11 4 7 6 7 0 1 2 3 4 5 
11 4 7 0 3 7 1 6 2 4 5 
11 5 6 6 3 7 1 5 2 4 0 
11 6 5 2 3 1 6 5 4 7 0 
11 5 6 3 1 0 6 2 4 7 5 
11 8 3 1 3 7 6 2 4 5 0 
11 4 7 6 4 0 1 2 7 3 5 
11 6 5 0 6 3 7 2 4 5 1 
11 6 5 1 4 3 0 6 2 7 5 
11 5 6 4 0 3 1 6 2 7 5 
11 6 5 1 6 7 3 2 4 0 5 
11 6 5 1 0 6 3 2 4 7 5 
11 7 4 4 2 3 1 0 6 7 5 
11 8 3 1 2 3 0 4 6 7 5 
11 7 4 6 3 7 5 2 4 1 0 
11 6 5 4 0 3 1 2 6 7 5 
11 8 3 1 6 3 7 2 4 5 0 
11 8 3 1 3 0 7 2 4 5 6 
11 7 4 1 4 3 5 6 2 7 0 
11 6 5 4 2 3 1 6 0 7 5 
11 7 4 1 6 7 3 2 4 5 0 
11 9 2 4 2 3 1 5 6 7 0 
11 9 2 1 2 3 5 4 6 7 0 
11 9 2 1 3 5 7 2 4 0 6 
10 10 0 1 3 5 7 2 4 6 0 
