15 0 15 5 2 0 6 7 3 4 1 
14 1 13 5 2 4 6 7 3 0 1 
14 1 13 5 2 6 0 7 3 4 1 
13 2 11 5 2 6 1 7 3 4 0 
14 2 12 5 2 4 6 7 3 1 0 
14 3 11 5 2 6 1 7 3 0 4 
15 2 13 5 2 4 6 7 0 3 1 
15 4 11 5 2 6 4 7 3 0 1 
15 3 12 5 2 4 0 7 3 1 6 
15 4 11 5 2 0 1 7 3 6 4 
15 4 11 5 2 6 1 7 0 3 4 
15 3 12 5 2 4 6 0 7 3 1 
13 5 8 5 2 4 6 1 7 3 0 
14 6 8 5 2 4 0 1 7 3 6 
15 5 10 5 2 6 4 7 3 1 0 
15 5 10 5 2 1 0 7 3 6 4 
14 6 8 5 2 1 4 7 3 6 0 
15 5 10 5 2 6 1 0 7 3 4 
15 6 9 5 2 4 0 6 7 3 1 
14 7 7 5 2 4 1 6 7 3 0 
15 7 8 5 2 0 4 1 7 3 6 
14 8 6 5 2 3 4 1 7 0 6 
13 9 4 5 2 3 4 1 7 6 0 
15 9 6 5 2 3 4 1 0 7 6 
16 4 12 5 2 6 7 0 3 4 1 
14 6 8 5 2 6 7 1 3 4 0 
16 4 12 5 2 6 1 0 3 4 7 
16 5 11 5 2 0 4 7 3 6 1 
16 5 11 5 2 6 4 7 0 3 1 
16 4 12 5 2 0 4 7 3 1 6 
15 5 10 5 2 1 4 7 3 0 6 
16 4 12 0 2 4 6 5 7 3 1 
13 7 6 1 2 4 6 5 7 3 0 
14 8 6 1 2 4 0 5 7 3 6 
15 6 9 6 2 4 0 5 7 3 1 
14 7 7 6 2 4 1 5 7 3 0 
15 9 6 1 2 0 4 5 7 3 6 
14 10 4 1 2 3 4 5 7 0 6 
13 11 2 1 2 3 4 5 7 6 0 
15 11 4 1 2 3 4 5 0 7 6 
16 6 10 5 2 4 6 1 7 0 3 
16 6 10 0 2 6 1 5 7 3 4 
14 8 6 1 2 6 0 5 7 3 4 
13 9 4 1 2 6 4 5 7 3 0 
16 8 8 5 2 6 0 1 7 3 4 
15 9 6 5 2 6 4 1 7 3 0 
16 7 9 5 2 0 4 6 7 3 1 
15 8 7 5 2 3 4 6 7 0 1 
15 9 6 5 2 3 4 6 7 1 0 
16 10 6 5 2 3 0 1 7 6 4 
16 6 10 5 2 6 4 0 7 3 1 
14 8 6 5 2 6 4 1 7 3 0 
16 6 10 5 2 1 4 7 0 3 6 
16 8 8 1 2 4 6 5 7 0 3 
16 7 9 6 2 0 4 5 7 3 1 
15 8 7 6 2 3 4 5 7 0 1 
15 9 6 6 2 3 4 5 7 1 0 
16 12 4 1 2 3 0 5 7 6 4 
16 10 6 1 2 6 4 5 7 0 3 
16 9 7 5 2 3 4 6 0 7 1 
16 7 9 5 2 1 4 0 7 3 6 
15 9 6 5 2 1 4 6 7 3 0 
16 9 7 6 2 3 4 5 0 7 1 
16 10 6 5 2 3 4 0 6 7 1 
14 12 2 5 2 3 4 1 6 7 0 
17 4 13 5 2 4 6 0 3 1 7 
17 6 11 5 2 4 1 7 3 0 6 
16 7 9 5 2 4 1 7 3 6 0 
17 9 8 5 2 4 3 1 7 0 6 
16 10 6 5 2 4 3 1 7 6 0 
17 8 9 5 2 1 4 0 3 6 7 
17 7 10 5 2 6 1 4 7 3 0 
17 8 9 5 2 4 1 6 7 0 3 
17 10 7 5 2 3 4 0 1 7 6 
16 12 4 5 2 3 4 6 1 7 0 
17 7 10 5 2 6 0 1 3 4 7 
17 7 10 5 2 6 7 1 3 0 4 
17 5 12 0 2 6 1 5 3 4 7 
15 7 8 1 2 6 0 5 3 4 7 
16 8 8 1 2 6 7 5 3 4 0 
16 10 6 1 2 6 4 5 3 0 7 
15 11 4 1 2 6 4 5 3 7 0 
17 6 11 5 2 4 0 7 3 6 1 
17 11 6 1 2 4 3 5 7 0 6 
16 12 4 1 2 4 3 5 7 6 0 
17 8 9 6 2 4 1 5 7 0 3 
17 12 5 1 2 3 4 0 5 7 6 
16 14 2 1 2 3 4 6 5 7 0 
17 7 10 5 2 4 6 1 0 7 3 
17 9 8 4 2 6 1 5 7 3 0 
17 9 8 1 2 0 6 5 7 3 4 
16 10 6 1 2 3 6 5 7 0 4 
17 11 6 1 2 6 3 5 7 0 4 
17 7 10 0 2 6 4 5 7 3 1 
17 9 8 5 2 6 4 1 7 0 3 
17 9 8 1 2 4 6 5 0 7 3 
17 11 6 1 2 0 4 5 7 6 3 
17 11 6 1 2 6 4 5 0 7 3 
17 8 9 0 2 1 4 5 7 3 6 
17 11 6 0 2 3 4 5 6 7 1 
14 14 0 1 2 3 4 5 6 7 0 
