0 0 5 2 0 6 7 3 4 1
4 2 5 2 4 6 7 3 0 1
1 1 5 2 4 6 7 3 1 0
6 1 5 2 4 0 7 3 1 6
1 3 5 2 4 1 7 3 0 6
6 1 5 2 4 1 7 3 6 0
7 2 5 2 4 1 0 3 6 7
1 3 5 2 4 0 1 3 6 7
4 1 5 2 0 4 1 3 6 7
6 2 5 2 6 4 1 3 0 7
7 1 5 2 6 4 1 3 7 0
6 3 5 2 0 4 1 3 7 6
7 2 5 2 7 4 1 3 0 6
3 1 5 2 7 4 1 0 3 6
1 1 5 2 7 4 0 1 3 6
6 2 5 2 7 4 6 1 3 0
7 3 5 2 0 4 6 1 3 7
3 2 5 2 3 4 6 1 0 7
7 1 5 2 3 4 6 1 7 0
6 2 5 2 3 4 0 1 7 6
5 1 0 2 3 4 5 1 7 6
1 3 1 2 3 4 5 0 7 6
2 1 1 0 3 4 5 2 7 6
3 1 1 3 0 4 5 2 7 6
7 2 1 3 7 4 5 2 0 6
6 1 1 3 7 4 5 2 6 0
7 3 1 3 0 4 5 2 6 7
3 1 1 0 3 4 5 2 6 7
2 2 1 2 3 4 5 0 6 7
6 1 1 2 3 4 5 6 0 7
7 1 1 2 3 4 5 6 7 0
51 0.019854068756103516