10 0 10 5 4 2 0 1 7 3 6 
11 1 10 5 4 2 6 1 7 3 0 
13 1 12 5 4 0 2 1 7 3 6 
12 2 10 5 4 3 2 1 7 0 6 
11 3 8 5 4 3 2 1 7 6 0 
13 3 10 5 4 2 3 1 7 0 6 
12 4 8 5 4 2 3 1 7 6 0 
13 3 10 5 4 3 2 1 0 7 6 
14 2 12 5 4 2 6 1 7 0 3 
14 2 12 5 0 4 2 1 7 3 6 
14 4 10 5 4 3 0 1 7 6 2 
14 4 10 5 4 2 3 1 0 7 6 
15 3 12 5 4 2 1 0 7 3 6 
14 5 9 5 4 2 1 6 7 3 0 
15 5 10 5 4 2 0 1 7 6 3 
15 4 11 5 4 3 2 0 1 7 6 
14 6 8 5 4 3 2 6 1 7 0 
15 3 12 5 4 2 6 1 0 7 3 
15 3 12 5 7 4 2 1 0 3 6 
16 2 14 0 4 2 5 1 7 3 6 
15 3 12 1 4 2 5 0 7 3 6 
14 5 9 1 4 2 5 6 7 3 0 
14 6 8 1 4 2 0 5 7 3 6 
15 6 9 1 4 2 0 6 7 3 5 
15 7 8 1 4 2 6 5 7 3 0 
16 4 12 5 4 0 3 1 7 2 6 
15 5 10 5 4 3 0 1 7 2 6 
16 4 12 5 0 3 2 1 4 7 6 
16 3 13 0 5 4 2 1 7 3 6 
15 4 11 1 5 4 2 0 7 3 6 
14 6 8 1 5 4 2 6 7 3 0 
15 5 10 2 5 4 0 1 7 3 6 
16 5 11 5 4 2 3 0 1 7 6 
15 7 8 5 4 2 3 6 1 7 0 
16 4 12 0 4 2 1 5 7 3 6 
16 5 11 0 4 3 2 5 1 7 6 
15 7 8 2 4 3 0 5 1 7 6 
16 4 12 5 7 4 2 1 3 0 6 
15 5 10 5 7 4 2 1 3 6 0 
16 5 11 6 4 2 5 1 7 3 0 
16 6 10 5 4 3 6 1 7 2 0 
16 5 11 5 3 0 2 1 4 7 6 
15 6 9 5 3 7 2 1 4 0 6 
14 7 7 5 3 7 2 1 4 6 0 
15 8 7 5 3 7 0 1 4 6 2 
16 6 10 6 5 4 2 1 7 3 0 
16 6 10 2 5 4 6 1 7 3 0 
16 6 10 2 5 0 4 1 7 3 6 
15 7 8 2 5 3 4 1 7 0 6 
14 8 6 2 5 3 4 1 7 6 0 
16 7 9 6 4 2 1 5 7 3 0 
16 8 8 1 4 3 2 5 0 7 6 
16 8 8 6 4 3 2 5 1 7 0 
16 8 8 2 4 3 6 5 1 7 0 
16 6 10 5 3 2 0 1 4 7 6 
16 9 7 5 3 0 7 1 4 6 2 
16 8 8 2 5 3 4 1 0 7 6 
17 3 14 5 4 2 6 0 7 3 1 
17 5 12 5 4 3 2 0 7 6 1 
17 3 14 5 4 0 6 1 7 2 3 
16 4 12 5 4 6 0 1 7 2 3 
15 5 10 5 4 6 3 1 7 2 0 
17 5 12 5 4 0 3 1 7 6 2 
17 5 12 5 0 2 3 1 4 7 6 
16 6 10 5 2 0 3 1 4 7 6 
15 7 8 5 2 3 0 1 4 7 6 
16 8 8 5 2 3 6 1 4 7 0 
17 4 13 5 4 2 1 7 0 3 6 
17 6 11 5 4 2 0 6 7 3 1 
17 6 11 5 4 2 1 6 7 0 3 
17 7 10 5 4 3 0 2 1 7 6 
17 7 10 5 4 3 0 6 1 7 2 
17 7 10 5 4 3 2 6 1 0 7 
17 4 13 5 4 2 6 0 1 7 3 
17 4 13 5 7 4 2 0 1 3 6 
16 6 10 5 7 4 2 6 1 3 0 
17 3 14 4 0 2 5 1 7 3 6 
16 4 12 4 2 0 5 1 7 3 6 
15 5 10 4 2 3 5 1 7 0 6 
14 6 8 4 2 3 5 1 7 6 0 
15 7 8 4 2 3 0 1 7 6 5 
16 5 11 4 2 5 0 1 7 3 6 
16 6 10 4 2 3 5 1 0 7 6 
17 4 13 1 4 2 5 7 0 3 6 
16 5 11 1 4 2 5 7 3 0 6 
15 6 9 1 4 2 5 7 3 6 0 
17 6 11 1 4 2 5 6 7 0 3 
17 7 10 1 4 0 2 5 7 3 6 
16 8 8 1 4 3 2 5 7 0 6 
15 9 6 1 4 3 2 5 7 6 0 
17 9 8 1 4 2 3 5 7 0 6 
16 10 6 1 4 2 3 5 7 6 0 
17 5 12 5 0 4 3 1 7 2 6 
17 5 12 0 5 3 2 1 4 7 6 
15 7 8 2 5 3 0 1 4 7 6 
16 6 10 1 5 3 2 0 4 7 6 
15 9 6 1 5 3 0 2 4 7 6 
16 8 8 2 5 3 6 1 4 7 0 
16 10 6 2 5 3 7 1 4 0 6 
15 11 4 2 5 3 7 1 4 6 0 
16 8 8 1 5 3 2 6 4 7 0 
16 10 6 1 5 3 6 2 4 7 0 
16 12 4 1 5 3 7 2 4 0 6 
15 13 2 1 5 3 7 2 4 6 0 
17 5 12 1 5 4 2 7 0 3 6 
17 7 10 1 0 4 2 5 7 3 6 
17 7 10 1 5 4 0 2 7 3 6 
17 7 10 1 5 4 0 6 7 3 2 
17 7 10 1 5 4 2 6 7 0 3 
17 6 11 0 4 2 3 5 1 7 6 
17 5 12 4 0 2 1 5 7 3 6 
16 6 10 4 2 0 1 5 7 3 6 
15 7 8 4 2 3 1 5 7 0 6 
14 8 6 4 2 3 1 5 7 6 0 
16 7 9 4 2 1 0 5 7 3 6 
16 8 8 4 2 3 1 5 0 7 6 
17 6 11 4 0 3 2 5 1 7 6 
16 7 9 4 1 3 2 5 0 7 6 
17 6 11 5 7 4 0 1 3 6 2 
17 6 11 6 4 2 0 1 7 3 5 
17 9 8 2 5 3 0 1 7 6 4 
17 7 10 5 3 2 6 1 4 7 0 
17 9 8 5 3 2 7 1 4 0 6 
16 10 6 5 3 2 7 1 4 6 0 
17 10 7 5 3 6 7 1 4 0 2 
17 9 8 2 0 3 4 1 5 7 6 
17 7 10 5 2 7 3 1 4 0 6 
16 8 8 5 2 7 3 1 4 6 0 
17 7 10 5 4 2 0 6 1 7 3 
17 9 8 0 2 3 4 1 7 6 5 
16 10 6 1 2 3 4 0 7 6 5 
14 12 2 1 2 3 4 5 7 6 0 
16 12 4 5 2 3 4 1 7 6 0 
17 6 11 4 2 5 6 1 7 3 0 
17 6 11 1 4 0 5 7 3 2 6 
16 7 9 1 4 5 0 7 3 2 6 
17 8 9 1 4 2 5 0 3 6 7 
17 9 8 2 5 3 6 1 4 0 7 
17 11 6 1 5 3 6 2 4 0 7 
17 9 8 1 4 2 3 5 0 7 6 
17 9 8 6 4 2 3 5 1 7 0 
17 9 8 4 2 3 0 5 7 6 1 
17 8 9 4 2 1 6 5 7 3 0 
17 8 9 4 1 3 2 5 7 0 6 
16 9 7 4 1 3 2 5 7 6 0 
17 11 6 5 3 6 7 1 4 2 0 
17 10 7 0 2 3 4 1 5 7 6 
16 11 5 1 2 3 4 0 5 7 6 
15 13 2 1 2 3 4 6 5 7 0 
16 12 4 1 2 3 4 5 0 7 6 
17 13 4 1 2 3 0 5 7 6 4 
17 13 4 1 2 3 4 5 7 0 6 
17 8 9 1 4 5 6 7 3 2 0 
17 10 7 1 4 5 7 0 3 2 6 
17 13 4 6 2 3 4 1 5 7 0 
18 4 14 5 4 0 6 1 7 3 2 
17 5 12 5 4 3 6 1 7 0 2 
17 5 12 5 4 6 0 1 7 3 2 
16 6 10 5 4 6 2 1 7 3 0 
18 4 14 0 4 2 6 1 7 3 5 
17 5 12 1 4 2 6 0 7 3 5 
18 6 12 5 4 0 2 1 7 6 3 
18 6 12 0 4 3 2 1 7 6 5 
17 7 10 1 4 3 2 0 7 6 5 
17 8 9 2 4 3 0 1 7 6 5 
17 9 8 2 4 3 5 1 7 6 0 
18 6 12 5 4 2 3 0 7 6 1 
18 6 12 0 4 3 5 1 7 6 2 
17 7 10 1 4 3 5 0 7 6 2 
15 9 6 1 4 3 5 2 7 6 0 
18 4 14 5 0 2 6 1 4 7 3 
17 5 12 5 2 0 6 1 4 7 3 
16 6 10 5 2 6 0 1 4 7 3 
15 7 8 5 2 6 3 1 4 7 0 
18 5 13 7 4 2 5 1 0 3 6 
17 6 11 7 4 2 5 1 3 0 6 
16 7 9 7 4 2 5 1 3 6 0 
18 7 11 1 4 0 2 6 7 3 5 
17 8 9 1 4 3 2 6 7 0 5 
17 9 8 1 4 3 2 6 7 5 0 
18 9 9 1 4 2 3 6 7 0 5 
18 8 10 1 4 2 6 5 7 0 3 
18 8 10 2 5 4 3 1 7 0 6 
17 9 8 2 5 4 3 1 7 6 0 
18 8 10 5 4 2 3 6 1 0 7 
18 8 10 2 4 0 3 5 1 7 6 
18 5 13 5 7 0 2 1 3 4 6 
18 7 11 5 3 7 2 1 0 4 6 
18 10 8 0 3 7 5 1 4 6 2 
17 11 6 1 3 7 5 0 4 6 2 
15 13 2 1 3 7 5 2 4 6 0 
17 13 4 2 3 7 5 1 4 6 0 
18 9 9 1 4 3 2 0 5 7 6 
17 11 6 1 4 3 2 6 5 7 0 
18 9 9 2 5 3 4 0 1 7 6 
17 11 6 2 5 3 4 6 1 7 0 
18 4 14 0 4 2 6 5 7 3 1 
17 6 11 6 4 2 0 5 7 3 1 
18 6 12 0 4 3 2 5 7 6 1 
17 8 9 2 4 3 0 5 7 6 1 
16 9 7 2 4 3 1 5 7 6 0 
18 4 14 5 0 4 6 1 7 2 3 
18 6 12 5 4 6 3 1 7 0 2 
18 6 12 5 0 4 3 1 7 6 2 
18 10 8 5 2 3 7 1 4 0 6 
17 11 6 5 2 3 7 1 4 6 0 
18 5 13 5 4 2 1 7 3 0 6 
17 6 11 5 4 2 1 7 3 6 0 
18 7 11 5 4 2 1 6 0 7 3 
18 8 10 5 4 3 6 2 1 7 0 
18 10 8 5 4 3 7 2 1 0 6 
17 11 6 5 4 3 7 2 1 6 0 
18 5 13 0 4 2 6 5 1 7 3 
17 7 10 6 4 2 0 5 1 7 3 
16 8 8 6 4 2 3 5 1 7 0 
18 6 12 5 4 2 6 3 1 7 0 
18 5 13 0 7 4 2 5 1 3 6 
17 7 10 2 7 4 0 5 1 3 6 
18 4 14 4 7 2 5 1 0 3 6 
17 5 12 4 7 2 5 1 3 0 6 
16 6 10 4 7 2 5 1 3 6 0 
18 8 10 4 2 0 3 1 7 6 5 
18 7 11 0 2 5 4 1 7 3 6 
17 8 9 1 2 5 4 0 7 3 6 
16 10 6 1 2 5 4 6 7 3 0 
18 7 11 4 2 3 5 0 1 7 6 
17 9 8 4 2 3 5 6 1 7 0 
17 10 7 4 2 3 0 5 1 7 6 
18 5 13 1 0 2 5 7 4 3 6 
17 6 11 1 2 0 5 7 4 3 6 
16 7 9 1 2 3 5 7 4 0 6 
15 8 7 1 2 3 5 7 4 6 0 
16 7 9 1 2 5 0 7 4 3 6 
17 10 7 1 2 3 5 0 4 6 7 
17 8 9 1 2 5 6 7 4 3 0 
17 10 7 1 2 5 7 0 4 3 6 
18 7 11 1 4 2 0 7 3 6 5 
18 7 11 1 4 2 5 6 0 7 3 
18 10 8 1 4 3 0 5 7 6 2 
18 6 12 5 7 4 3 1 0 2 6 
17 7 10 5 7 4 3 1 2 0 6 
16 8 8 5 7 4 3 1 2 6 0 
18 8 10 6 5 3 2 1 4 7 0 
18 8 10 2 5 0 3 1 4 7 6 
17 9 8 2 5 7 3 1 4 0 6 
16 10 6 2 5 7 3 1 4 6 0 
18 7 11 1 5 3 2 4 0 7 6 
18 10 8 1 5 0 3 2 4 7 6 
17 11 6 1 5 7 3 2 4 0 6 
16 12 4 1 5 7 3 2 4 6 0 
18 12 6 2 5 3 0 1 4 6 7 
18 9 9 1 5 3 0 6 4 7 2 
18 9 9 1 5 3 2 6 4 0 7 
18 14 4 1 5 3 0 2 4 6 7 
18 6 12 1 0 4 2 7 5 3 6 
18 6 12 1 5 4 2 7 3 0 6 
17 7 10 1 5 4 2 7 3 6 0 
18 8 10 1 7 4 2 5 0 3 6 
18 8 10 1 5 4 6 2 7 3 0 
18 8 10 1 5 0 4 2 7 3 6 
17 9 8 1 5 3 4 2 7 0 6 
16 10 6 1 5 3 4 2 7 6 0 
18 8 10 1 5 0 4 6 7 3 2 
17 9 8 1 5 3 4 6 7 0 2 
16 10 6 1 5 3 4 6 7 2 0 
18 8 10 1 5 4 2 6 0 7 3 
18 8 10 3 4 2 0 5 1 7 6 
18 7 11 4 0 2 3 5 1 7 6 
17 8 9 4 1 2 3 5 0 7 6 
17 8 9 4 2 0 3 5 1 7 6 
16 9 7 4 2 3 0 5 1 7 6 
17 10 7 4 2 3 6 5 1 7 0 
18 6 12 4 7 2 1 5 0 3 6 
18 9 9 0 2 1 4 5 7 3 6 
18 9 9 4 2 3 1 0 5 7 6 
17 11 6 4 2 3 1 6 5 7 0 
18 7 11 4 3 0 2 5 1 7 6 
17 8 9 4 3 2 0 5 1 7 6 
18 8 10 4 1 3 2 0 5 7 6 
17 10 7 4 1 3 2 6 5 7 0 
18 8 10 5 3 2 6 1 4 0 7 
18 10 8 5 3 0 7 1 4 2 6 
18 10 8 2 3 0 4 1 5 7 6 
18 8 10 5 2 7 3 1 0 4 6 
18 11 7 1 2 3 4 7 0 6 5 
17 12 5 1 2 3 4 7 6 0 5 
17 13 4 1 2 3 4 7 6 5 0 
18 14 4 1 2 3 0 6 5 7 4 
18 14 4 1 2 3 4 6 5 0 7 
18 12 6 1 4 5 7 6 3 2 0 
18 6 12 5 4 3 6 1 0 7 2 
18 10 8 1 4 3 0 2 7 6 5 
18 8 10 1 4 3 5 7 0 6 2 
18 10 8 1 4 3 5 2 7 0 6 
18 6 12 5 2 7 6 1 4 0 3 
17 7 10 5 2 7 6 1 4 3 0 
18 8 10 5 2 6 3 1 4 0 7 
18 7 11 7 4 0 5 1 3 2 6 
17 8 9 7 4 5 0 1 3 2 6 
18 9 9 1 4 3 2 6 0 7 5 
18 10 8 1 4 2 3 6 7 5 0 
18 6 12 5 7 2 0 1 3 4 6 
18 14 4 1 3 7 0 2 4 6 5 
18 14 4 1 3 7 5 2 4 0 6 
18 8 10 5 4 2 1 0 6 7 3 
18 8 10 1 4 2 6 5 0 7 3 
18 8 10 3 4 2 6 5 1 7 0 
18 8 10 6 7 4 2 5 1 3 0 
18 8 10 2 7 4 6 5 1 3 0 
18 8 10 2 7 0 4 5 1 3 6 
17 9 8 2 7 3 4 5 1 0 6 
16 10 6 2 7 3 4 5 1 6 0 
18 6 12 4 7 0 5 1 3 2 6 
17 7 10 4 7 5 0 1 3 2 6 
18 10 8 6 2 5 4 1 7 3 0 
18 10 8 4 2 3 0 6 1 7 5 
18 9 9 1 2 3 0 7 4 6 5 
18 12 6 1 2 5 7 6 4 3 0 
18 8 10 1 4 2 5 0 6 7 3 
17 11 6 1 4 2 0 5 6 7 3 
16 12 4 1 4 2 3 5 6 7 0 
18 8 10 1 5 4 0 7 3 6 2 
18 10 8 1 5 3 4 2 0 7 6 
18 10 8 1 5 3 4 6 0 7 2 
18 9 9 1 5 4 2 0 6 7 3 
18 9 9 4 1 2 3 5 7 0 6 
17 10 7 4 1 2 3 5 7 6 0 
18 9 9 4 2 7 3 5 1 0 6 
17 10 7 4 2 7 3 5 1 6 0 
18 11 7 0 2 3 4 5 1 7 6 
18 12 6 6 2 1 4 5 7 3 0 
18 9 9 4 3 2 6 5 1 7 0 
18 8 10 5 2 7 0 1 4 3 6 
18 9 9 7 4 5 6 1 3 2 0 
18 10 8 1 4 3 2 0 6 7 5 
16 12 4 1 4 3 2 5 6 7 0 
18 8 10 4 7 5 6 1 3 2 0 
18 11 7 1 5 3 4 0 2 7 6 
17 13 4 1 5 3 4 6 2 7 0 
18 11 7 1 5 3 4 0 6 7 2 
17 13 4 1 5 3 4 2 6 7 0 
18 14 4 6 2 3 4 5 1 7 0 
19 7 12 0 4 2 3 1 7 6 5 
18 8 10 1 4 2 3 0 7 6 5 
19 7 12 5 4 3 1 0 7 6 2 
18 9 9 5 4 3 1 2 7 6 0 
19 9 10 1 5 0 2 6 7 3 4 
18 10 8 1 5 3 2 6 7 0 4 
18 10 8 1 5 2 0 6 7 3 4 
17 11 6 1 5 2 4 6 7 3 0 
19 6 13 6 4 2 5 1 7 0 3 
19 10 9 5 3 0 2 1 4 6 7 
19 7 12 6 5 4 0 1 7 3 2 
19 7 12 6 5 4 2 1 7 0 3 
19 7 12 2 5 4 6 1 7 0 3 
19 7 12 2 0 5 4 1 7 3 6 
19 8 11 6 4 2 1 5 7 0 3 
19 9 10 1 0 3 2 5 4 7 6 
19 9 10 6 4 3 0 5 1 7 2 
19 9 10 6 4 3 2 5 1 0 7 
19 9 10 2 4 3 6 5 1 0 7 
19 8 11 0 3 2 5 1 4 7 6 
18 9 9 1 3 2 5 0 4 7 6 
19 10 9 5 0 3 7 1 4 6 2 
19 4 15 5 4 2 6 7 0 3 1 
19 6 13 5 4 3 2 7 0 6 1 
18 7 11 5 4 3 2 7 6 0 1 
18 8 10 5 4 3 2 7 6 1 0 
19 8 11 5 4 3 0 2 7 6 1 
19 7 12 5 4 6 2 1 7 0 3 
19 6 13 0 5 2 3 1 4 7 6 
18 7 11 1 5 2 3 0 4 7 6 
17 9 8 1 5 2 3 6 4 7 0 
18 8 10 3 5 2 0 1 4 7 6 
19 9 10 5 2 3 6 1 4 0 7 
19 7 12 5 7 4 0 2 1 3 6 
19 7 12 5 7 4 0 6 1 3 2 
19 7 12 5 7 4 2 6 1 0 3 
19 9 10 0 2 3 5 1 7 6 4 
17 11 6 5 2 3 0 1 7 6 4 
18 10 8 1 2 3 5 0 7 6 4 
19 8 11 4 2 5 3 1 7 0 6 
18 9 9 4 2 5 3 1 7 6 0 
19 7 12 4 0 3 5 1 2 7 6 
18 8 10 4 3 0 5 1 2 7 6 
17 9 8 4 3 7 5 1 2 0 6 
16 10 6 4 3 7 5 1 2 6 0 
17 9 8 4 3 5 0 1 2 7 6 
18 10 8 4 3 5 6 1 2 7 0 
18 12 6 4 3 5 7 1 2 0 6 
17 13 4 4 3 5 7 1 2 6 0 
19 9 10 1 4 0 5 7 3 6 2 
18 10 8 1 4 5 0 7 3 6 2 
19 11 8 1 4 2 0 5 7 6 3 
19 6 13 0 5 4 3 1 7 2 6 
18 7 11 1 5 4 3 0 7 2 6 
17 9 8 1 5 4 3 6 7 2 0 
19 8 11 4 5 3 2 1 0 7 6 
19 11 8 2 5 0 7 1 4 3 6 
19 11 8 2 5 3 7 1 0 4 6 
19 13 6 1 5 0 7 2 4 3 6 
19 13 6 1 5 3 7 2 0 4 6 
19 8 11 0 1 4 2 5 7 3 6 
18 10 8 2 1 4 0 5 7 3 6 
19 11 8 0 2 3 1 5 7 6 4 
19 10 9 4 2 1 3 5 7 0 6 
18 11 7 4 2 1 3 5 7 6 0 
19 9 10 4 0 3 1 5 2 7 6 
19 7 12 5 7 0 4 1 3 6 2 
19 11 8 5 3 2 0 1 4 6 7 
19 9 10 5 2 7 0 1 4 6 3 
19 10 9 2 0 3 4 1 7 6 5 
19 13 6 5 2 3 4 1 7 0 6 
19 9 10 1 4 2 5 3 0 6 7 
19 11 8 1 4 2 0 5 3 6 7 
19 10 9 1 4 2 3 0 5 7 6 
18 12 6 1 4 2 3 6 5 7 0 
19 11 8 0 2 3 4 5 7 6 1 
19 10 9 4 1 3 0 5 7 6 2 
19 12 7 4 2 3 0 1 5 7 6 
19 13 6 5 2 3 4 1 0 7 6 
19 13 6 1 0 3 4 5 2 7 6 
19 9 10 1 4 5 6 7 3 0 2 
19 10 9 1 4 5 6 0 3 2 7 
19 11 8 1 4 5 7 3 0 2 6 
18 12 6 1 4 5 7 3 2 0 6 
17 13 4 1 4 5 7 3 2 6 0 
19 5 14 5 0 4 6 1 7 3 2 
19 5 14 4 0 2 6 1 7 3 5 
18 6 12 4 2 0 6 1 7 3 5 
17 7 10 4 2 3 6 1 7 0 5 
17 7 10 4 2 6 0 1 7 3 5 
17 8 9 4 2 3 6 1 7 5 0 
18 8 10 4 2 3 6 1 0 7 5 
18 8 10 4 2 6 5 1 7 3 0 
18 9 9 4 2 3 0 1 7 5 6 
19 6 13 1 4 2 6 7 0 3 5 
19 7 12 5 0 4 2 1 7 6 3 
19 7 12 4 0 3 2 1 7 6 5 
19 8 11 1 4 3 2 7 0 6 5 
18 9 9 1 4 3 2 7 6 0 5 
18 10 8 1 4 3 2 7 6 5 0 
19 7 12 0 4 2 3 5 7 6 1 
19 9 10 7 4 3 5 1 0 6 2 
19 9 10 5 2 6 7 1 4 0 3 
18 10 8 5 2 6 7 1 4 3 0 
19 6 13 7 0 2 5 1 4 3 6 
18 7 11 7 2 0 5 1 4 3 6 
17 8 9 7 2 3 5 1 4 0 6 
16 9 7 7 2 3 5 1 4 6 0 
17 8 9 7 2 5 0 1 4 3 6 
18 9 9 7 2 5 6 1 4 3 0 
19 8 11 7 4 2 0 1 3 6 5 
19 8 11 1 0 4 2 6 7 3 5 
19 10 9 1 4 2 3 6 0 7 5 
19 9 10 2 5 4 3 1 0 7 6 
19 9 10 2 4 7 3 5 1 0 6 
18 10 8 2 4 7 3 5 1 6 0 
19 9 10 2 0 4 3 5 1 7 6 
18 10 8 2 1 4 3 5 0 7 6 
19 6 13 5 0 7 2 1 3 4 6 
19 12 7 1 3 7 5 4 0 6 2 
19 5 14 4 0 2 6 5 7 3 1 
18 6 12 4 2 0 6 5 7 3 1 
17 7 10 4 2 3 6 5 7 0 1 
17 7 10 4 2 6 0 5 7 3 1 
16 8 8 4 2 6 1 5 7 3 0 
17 8 9 4 2 3 6 5 7 1 0 
18 8 10 4 2 3 6 5 0 7 1 
18 9 9 4 2 3 0 5 7 1 6 
19 7 12 4 0 3 2 5 7 6 1 
19 10 9 2 4 3 1 5 7 0 6 
19 5 14 5 7 4 6 1 0 2 3 
18 6 12 5 7 4 6 1 2 0 3 
17 7 10 5 7 4 6 1 2 3 0 
18 8 10 5 7 4 0 1 2 3 6 
19 7 12 5 4 6 3 1 0 7 2 
19 7 12 5 7 4 3 1 0 6 2 
18 8 10 5 7 4 3 1 6 0 2 
17 9 8 5 7 4 3 1 6 2 0 
19 9 10 5 4 3 6 2 1 0 7 
19 6 13 4 0 2 6 5 1 7 3 
18 7 11 4 1 2 6 5 0 7 3 
18 7 11 4 2 0 6 5 1 7 3 
17 8 9 4 2 6 0 5 1 7 3 
16 9 7 4 2 6 3 5 1 7 0 
19 9 10 6 4 2 3 5 1 0 7 
19 7 12 5 4 2 0 3 1 7 6 
19 7 12 4 7 2 0 1 3 6 5 
19 9 10 4 2 6 3 1 7 0 5 
19 9 10 1 2 5 4 7 0 3 6 
19 11 8 1 2 5 0 6 7 3 4 
19 11 8 1 2 5 4 6 7 0 3 
19 8 11 1 2 3 5 7 0 4 6 
19 10 9 1 2 5 3 7 4 0 6 
18 11 7 1 2 5 3 7 4 6 0 
19 11 8 1 2 3 5 4 0 6 7 
19 13 6 1 0 3 5 2 4 6 7 
18 14 4 1 3 0 5 2 4 6 7 
17 15 2 1 3 5 0 2 4 6 7 
16 16 0 1 3 5 7 2 4 6 0 
