12 0 12 3 7 0 5 2 6 1 4 
11 1 10 3 7 1 5 2 6 0 4 
10 2 8 3 7 1 5 2 6 4 0 
11 1 10 3 7 5 0 2 6 1 4 
12 2 10 3 7 1 5 2 0 6 4 
12 2 10 3 7 5 4 2 6 1 0 
13 1 12 3 0 7 5 2 6 1 4 
13 3 10 3 7 1 0 2 6 4 5 
13 4 9 3 7 5 1 2 6 0 4 
12 5 7 3 7 5 1 2 6 4 0 
13 2 11 0 3 7 5 2 6 1 4 
13 5 8 4 3 7 5 2 6 1 0 
14 3 11 3 7 1 5 0 2 6 4 
13 5 8 3 7 1 5 4 2 6 0 
14 3 11 3 7 5 4 2 6 0 1 
14 2 12 3 6 7 5 2 0 1 4 
13 3 10 3 6 7 5 2 1 0 4 
12 4 8 3 6 7 5 2 1 4 0 
14 5 9 3 7 5 1 2 0 6 4 
14 3 11 2 3 7 5 0 6 1 4 
13 5 8 2 3 7 5 4 6 1 0 
14 4 10 5 3 7 0 2 6 1 4 
13 5 8 5 3 7 4 2 6 1 0 
14 6 8 2 3 7 0 5 6 1 4 
13 7 6 2 3 7 4 5 6 1 0 
15 3 12 3 0 1 5 2 7 6 4 
14 4 10 3 1 0 5 2 7 6 4 
13 5 8 3 1 5 0 2 7 6 4 
14 6 8 3 1 5 4 2 7 6 0 
15 4 11 3 7 0 1 2 6 4 5 
15 6 9 3 7 5 0 2 6 4 1 
15 6 9 4 3 7 5 2 6 0 1 
15 4 11 3 7 5 4 2 0 6 1 
15 5 10 3 6 7 0 2 1 4 5 
15 6 9 2 3 7 5 4 6 0 1 
15 5 10 5 3 0 7 2 6 1 4 
14 6 8 5 3 1 7 2 6 0 4 
13 7 6 5 3 1 7 2 6 4 0 
15 6 9 5 3 7 4 2 6 0 1 
15 8 7 2 3 7 4 5 6 0 1 
15 4 11 0 3 1 5 2 7 6 4 
15 5 10 3 1 6 5 2 7 0 4 
14 6 8 3 1 6 5 2 7 4 0 
15 7 8 5 3 1 7 2 0 6 4 
15 7 8 4 3 1 5 2 7 6 0 
16 4 12 3 7 1 5 0 6 4 2 
16 5 11 3 7 0 5 2 6 4 1 
16 3 13 0 7 5 3 2 6 1 4 
16 5 11 3 7 0 1 2 6 5 4 
16 6 10 4 3 7 0 2 6 1 5 
16 6 10 3 7 1 0 5 2 6 4 
15 7 8 3 7 1 4 5 2 6 0 
16 6 10 3 7 1 0 4 2 6 5 
16 6 10 3 7 1 5 4 2 0 6 
16 3 13 3 6 7 5 0 2 1 4 
15 5 10 3 6 7 5 4 2 1 0 
16 4 12 3 6 0 5 2 1 7 4 
15 5 10 3 6 5 0 2 1 7 4 
16 6 10 3 7 5 1 0 2 6 4 
15 8 7 3 7 5 1 4 2 6 0 
16 4 12 2 3 7 5 6 0 1 4 
15 5 10 2 3 7 5 6 1 0 4 
14 6 8 2 3 7 5 6 1 4 0 
16 6 10 2 3 7 0 4 6 1 5 
16 7 9 5 3 7 1 2 6 0 4 
15 8 7 5 3 7 1 2 6 4 0 
16 9 7 2 3 7 1 5 6 0 4 
16 5 11 3 7 4 1 2 6 0 5 
15 6 9 3 7 4 1 2 6 5 0 
16 5 11 3 0 7 1 2 6 4 5 
16 7 9 4 3 7 5 2 0 6 1 
16 6 10 3 6 0 7 2 1 4 5 
16 7 9 2 3 7 5 4 0 6 1 
16 8 8 5 3 1 0 2 6 4 7 
16 7 9 5 3 0 4 2 6 7 1 
16 9 7 2 3 0 4 5 6 7 1 
16 5 11 2 3 1 5 0 7 6 4 
15 7 8 2 3 1 5 4 7 6 0 
16 6 10 5 3 1 0 2 7 6 4 
15 7 8 5 3 1 4 2 7 6 0 
16 7 9 7 3 1 5 2 0 6 4 
16 6 10 3 1 6 5 2 0 7 4 
16 6 10 4 7 5 3 2 6 1 0 
16 6 10 3 7 1 0 2 6 5 4 
16 6 10 3 6 7 0 5 2 1 4 
15 7 8 3 6 7 4 5 2 1 0 
16 6 10 3 6 5 4 2 1 7 0 
16 8 8 3 6 5 7 2 1 0 4 
15 9 6 3 6 5 7 2 1 4 0 
16 6 10 0 3 7 1 2 6 4 5 
14 8 6 1 3 7 0 2 6 4 5 
13 9 4 1 3 7 5 2 6 4 0 
15 9 6 1 3 0 7 2 6 4 5 
16 8 8 2 3 7 5 0 4 6 1 
14 10 4 2 3 7 5 1 4 6 0 
16 8 8 2 3 1 0 5 7 6 4 
15 9 6 2 3 1 4 5 7 6 0 
16 10 6 1 3 7 5 2 6 0 4 
16 10 6 1 3 4 7 2 6 0 5 
15 11 4 1 3 4 7 2 6 5 0 
17 6 11 3 7 1 4 2 6 0 5 
17 5 12 6 3 7 5 2 0 1 4 
16 6 10 6 3 7 5 2 1 0 4 
15 7 8 6 3 7 5 2 1 4 0 
17 4 13 0 7 1 5 3 2 6 4 
17 4 13 3 7 0 4 2 6 5 1 
16 5 11 3 7 4 0 2 6 5 1 
17 7 10 3 6 0 5 2 1 4 7 
16 8 8 3 6 5 0 2 1 4 7 
17 6 11 3 0 5 1 2 7 6 4 
17 7 10 2 3 0 7 5 6 1 4 
16 8 8 2 3 1 7 5 6 0 4 
17 7 10 3 1 5 4 2 7 0 6 
17 5 12 3 7 5 4 0 2 6 1 
15 7 8 3 7 5 4 1 2 6 0 
16 8 8 3 7 5 0 1 2 6 4 
17 7 10 3 1 6 0 2 7 4 5 
17 8 9 5 3 1 7 0 2 6 4 
16 10 6 5 3 1 7 4 2 6 0 
17 6 11 3 7 4 5 2 6 0 1 
17 6 11 3 0 7 5 2 6 4 1 
17 4 13 2 7 5 3 0 6 1 4 
16 6 10 2 7 5 3 4 6 1 0 
17 4 13 7 0 5 3 2 6 1 4 
17 6 11 3 0 7 1 2 6 5 4 
17 7 10 4 3 0 7 2 6 1 5 
16 8 8 4 3 1 7 2 6 0 5 
15 9 6 4 3 1 7 2 6 5 0 
17 6 11 3 6 7 5 4 2 0 1 
17 5 12 3 0 6 5 2 1 7 4 
17 6 11 2 3 0 5 6 1 7 4 
17 7 10 2 3 7 0 6 1 4 5 
17 8 9 2 3 7 5 0 1 4 6 
17 7 10 2 3 0 7 4 6 1 5 
16 8 8 2 3 1 7 4 6 0 5 
15 9 6 2 3 1 7 4 6 5 0 
17 8 9 5 3 0 1 2 6 7 4 
17 8 9 5 3 7 1 2 0 6 4 
17 10 7 2 3 0 1 5 6 7 4 
17 10 7 2 3 7 1 5 6 4 0 
17 6 11 3 7 4 1 2 0 6 5 
17 6 11 3 6 7 1 2 0 4 5 
16 7 9 3 6 7 1 2 4 0 5 
15 8 7 3 6 7 1 2 4 5 0 
17 7 10 3 6 4 7 2 1 0 5 
16 8 8 3 6 4 7 2 1 5 0 
17 7 10 3 0 6 7 2 1 4 5 
16 8 8 3 1 6 7 2 0 4 5 
15 9 6 3 1 6 7 2 4 0 5 
14 10 4 3 1 6 7 2 4 5 0 
16 10 6 3 1 0 7 2 4 6 5 
17 8 9 5 0 3 4 2 6 7 1 
17 8 9 5 3 4 0 2 6 7 1 
16 9 7 5 3 4 1 2 6 7 0 
17 10 7 2 0 3 4 5 6 7 1 
17 10 7 2 3 4 0 5 6 7 1 
16 11 5 2 3 4 1 5 6 7 0 
17 6 11 2 3 1 5 7 0 6 4 
17 8 9 7 3 1 5 2 6 0 4 
16 9 7 7 3 1 5 2 6 4 0 
17 7 10 3 7 1 4 2 6 5 0 
17 8 9 3 6 7 4 5 2 0 1 
17 7 10 3 6 5 4 2 1 0 7 
17 7 10 2 3 7 1 0 6 4 5 
16 9 7 2 3 7 1 5 6 4 0 
17 9 8 0 3 7 5 2 4 6 1 
14 12 2 1 3 7 5 2 4 6 0 
17 11 6 2 3 7 0 1 4 6 5 
17 11 6 2 3 7 5 1 4 0 6 
17 11 6 1 3 7 5 2 0 6 4 
17 11 6 1 3 4 7 2 0 6 5 
17 7 10 4 7 1 5 3 2 6 0 
17 7 10 0 3 5 1 2 7 6 4 
15 9 6 1 3 5 0 2 7 6 4 
16 10 6 1 3 5 4 2 7 6 0 
17 9 8 2 3 1 7 5 6 4 0 
17 8 9 3 7 5 0 4 2 6 1 
17 7 10 3 7 4 5 2 6 1 0 
17 7 10 0 3 7 5 2 6 4 1 
17 7 10 0 3 7 1 2 6 5 4 
15 9 6 1 3 7 0 2 6 5 4 
16 10 6 1 3 7 4 2 6 5 0 
16 10 6 1 3 0 7 2 6 5 4 
15 11 4 1 3 5 7 2 6 0 4 
14 12 2 1 3 5 7 2 6 4 0 
16 12 4 1 3 5 7 2 0 6 4 
17 9 8 4 3 1 7 2 0 6 5 
17 6 11 0 3 6 5 2 1 7 4 
17 7 10 2 3 5 0 6 1 7 4 
16 8 8 2 3 5 4 6 1 7 0 
17 9 8 2 3 7 5 1 0 4 6 
16 10 6 2 3 7 5 1 4 0 6 
17 9 8 2 3 1 7 4 0 6 5 
17 9 8 5 3 1 0 2 6 7 4 
16 10 6 5 3 1 4 2 6 7 0 
17 11 6 2 3 1 0 5 6 7 4 
16 12 4 2 3 1 4 5 6 7 0 
17 8 9 0 3 6 7 2 1 4 5 
17 11 6 3 1 6 0 2 4 5 7 
17 11 6 3 1 7 0 2 4 6 5 
16 12 4 3 1 7 5 2 4 6 0 
17 11 6 0 2 3 4 5 6 7 1 
14 14 0 1 2 3 4 5 6 7 0 
