12 0 12 3 7 1 4 2 0 6 5 
12 1 11 3 7 1 4 2 6 0 5 
12 2 10 3 7 1 4 2 6 5 0 
13 1 12 3 7 1 4 0 2 6 5 
11 3 8 3 7 1 4 5 2 6 0 
13 3 10 3 7 1 0 2 6 5 4 
14 1 13 3 0 1 4 2 7 6 5 
13 2 11 3 1 0 4 2 7 6 5 
13 3 10 3 1 4 0 2 7 6 5 
12 4 8 3 1 4 5 2 7 6 0 
14 4 10 3 7 1 0 4 2 6 5 
13 5 8 3 7 1 5 4 2 6 0 
14 4 10 3 7 1 0 5 2 6 4 
14 4 10 3 7 1 4 5 2 0 6 
14 2 12 0 3 1 4 2 7 6 5 
13 3 10 2 3 1 4 0 7 6 5 
11 5 6 2 3 1 4 5 7 6 0 
13 5 8 5 3 1 4 2 7 6 0 
14 3 11 3 1 6 4 2 7 0 5 
14 4 10 4 3 1 0 2 7 6 5 
13 5 8 4 3 1 5 2 7 6 0 
14 6 8 2 3 1 0 5 7 6 4 
14 6 8 2 3 1 4 5 7 0 6 
14 4 10 3 1 6 4 2 7 5 0 
15 2 13 3 7 0 4 2 6 1 5 
15 4 11 3 7 0 1 2 6 5 4 
14 5 9 3 7 5 1 2 6 0 4 
13 6 7 3 7 5 1 2 6 4 0 
15 5 10 3 1 4 5 2 7 0 6 
15 4 11 2 3 1 4 7 0 6 5 
14 5 9 2 3 1 4 7 6 0 5 
14 6 8 2 3 1 4 7 6 5 0 
15 4 11 3 1 6 4 2 0 7 5 
15 7 8 2 3 1 4 5 0 7 6 
15 5 10 3 1 6 0 2 7 5 4 
15 3 12 3 7 4 0 2 6 1 5 
14 4 10 3 7 4 5 2 6 1 0 
15 6 9 3 7 5 1 2 0 6 4 
15 5 10 3 1 6 4 0 2 7 5 
13 7 6 3 1 6 4 5 2 7 0 
16 2 14 0 7 1 4 3 2 6 5 
15 5 10 5 7 1 4 3 2 6 0 
16 6 10 3 7 1 5 2 6 0 4 
15 7 8 3 7 1 5 2 6 4 0 
16 5 11 3 7 0 1 4 2 6 5 
16 6 10 3 7 1 5 4 2 0 6 
16 5 11 3 7 0 1 5 2 6 4 
16 5 11 7 3 1 4 2 0 6 5 
16 6 10 2 3 1 0 4 7 6 5 
15 7 8 2 3 1 5 4 7 6 0 
16 6 10 5 3 1 0 2 7 6 4 
16 6 10 5 3 1 4 2 7 0 6 
16 5 11 4 3 0 1 2 7 6 5 
16 6 10 4 3 1 5 2 7 0 6 
16 7 9 2 3 0 1 5 7 6 4 
16 3 13 3 0 7 4 2 6 1 5 
16 5 11 3 0 7 1 2 6 5 4 
16 7 9 3 7 5 0 2 6 4 1 
16 6 10 3 1 0 5 2 7 4 6 
15 7 8 3 1 5 0 2 7 4 6 
16 6 10 3 1 4 5 2 0 7 6 
16 5 11 3 7 4 5 2 6 0 1 
16 8 8 3 1 6 0 5 2 7 4 
16 8 8 3 1 6 4 5 2 0 7 
16 4 12 4 7 1 0 3 2 6 5 
15 5 10 4 7 1 5 3 2 6 0 
16 4 12 0 3 7 4 2 6 1 5 
15 5 10 2 3 7 4 0 6 1 5 
13 7 6 2 3 7 4 5 6 1 0 
15 7 8 5 3 7 4 2 6 1 0 
15 8 7 2 3 7 4 5 6 0 1 
16 6 10 0 3 7 1 2 6 5 4 
14 8 6 1 3 7 0 2 6 5 4 
15 9 6 1 3 7 4 2 6 5 0 
15 9 6 1 3 0 7 2 6 5 4 
14 10 4 1 3 5 7 2 6 0 4 
13 11 2 1 3 5 7 2 6 4 0 
15 11 4 1 3 5 7 2 0 6 4 
16 8 8 3 1 5 6 2 7 4 0 
16 6 10 4 3 7 0 2 6 1 5 
15 7 8 4 3 7 5 2 6 1 0 
16 8 8 2 3 7 0 5 6 1 4 
16 9 7 2 3 0 4 5 6 7 1 
16 9 7 4 3 7 1 2 6 5 0 
16 12 4 1 3 5 0 2 6 4 7 
17 4 13 3 7 1 4 0 6 5 2 
17 4 13 3 0 1 4 7 2 6 5 
16 5 11 3 2 1 4 7 0 6 5 
15 6 9 3 2 1 4 7 6 0 5 
15 7 8 3 2 1 4 7 6 5 0 
16 5 11 3 1 0 4 7 2 6 5 
16 6 10 3 2 1 4 0 7 6 5 
14 8 6 3 2 1 4 5 7 6 0 
17 6 11 3 7 0 4 5 2 6 1 
17 6 11 0 7 1 4 5 2 6 3 
17 5 12 0 1 4 3 2 7 6 5 
16 6 10 2 1 4 3 0 7 6 5 
14 8 6 2 1 4 3 5 7 6 0 
16 8 8 5 1 4 3 2 7 6 0 
17 7 10 3 1 0 5 2 7 6 4 
16 8 8 3 1 5 0 2 7 6 4 
17 6 11 0 7 1 3 5 2 6 4 
17 5 12 3 7 0 4 5 2 1 6 
17 5 12 3 7 1 4 5 0 2 6 
17 8 9 2 3 0 4 5 7 6 1 
17 7 10 2 3 0 4 5 7 1 6 
17 6 11 2 3 0 4 7 6 1 5 
17 7 10 2 3 1 0 7 6 5 4 
17 8 9 2 3 1 4 0 6 5 7 
17 8 9 2 3 1 4 0 5 7 6 
16 10 6 2 3 1 4 6 5 7 0 
17 6 11 3 7 4 1 2 6 0 5 
16 7 9 3 7 4 1 2 6 5 0 
17 7 10 3 7 5 1 0 2 6 4 
16 9 7 3 7 5 1 4 2 6 0 
17 7 10 3 7 1 5 2 0 6 4 
17 6 11 3 7 6 1 4 2 0 5 
16 7 9 3 7 6 1 4 2 5 0 
17 6 11 3 0 7 1 4 2 6 5 
17 6 11 3 7 6 1 5 2 0 4 
17 6 11 3 0 7 1 5 2 6 4 
16 7 9 3 2 7 1 5 0 6 4 
15 8 7 3 2 7 1 5 6 0 4 
16 9 7 3 2 0 1 5 6 7 4 
16 9 7 3 2 7 1 5 6 4 0 
16 10 6 3 2 1 0 5 6 7 4 
15 11 4 3 2 1 4 5 6 7 0 
17 6 11 7 3 1 4 2 6 0 5 
16 7 9 7 3 1 4 2 6 5 0 
17 7 10 5 3 1 4 2 0 7 6 
17 6 11 4 3 6 1 2 7 0 5 
16 7 9 4 3 6 1 2 7 5 0 
17 7 10 4 3 1 5 2 0 7 6 
17 8 9 2 3 6 1 5 7 0 4 
17 8 9 2 0 3 1 5 7 6 4 
17 4 13 3 6 7 4 2 0 1 5 
16 5 11 3 6 7 4 2 1 0 5 
16 6 10 3 6 7 4 2 1 5 0 
17 6 11 3 6 7 1 2 0 5 4 
17 6 11 3 7 0 5 2 6 4 1 
17 6 11 3 7 4 5 2 0 6 1 
17 9 8 3 1 0 4 5 2 6 7 
17 6 11 2 3 7 4 6 0 1 5 
16 7 9 2 3 7 4 6 1 0 5 
16 8 8 2 3 7 4 6 1 5 0 
17 8 9 5 3 7 4 2 6 0 1 
17 7 10 2 3 7 1 0 6 5 4 
16 9 7 2 3 7 1 4 6 5 0 
17 11 6 1 3 7 5 2 6 0 4 
16 12 4 1 3 7 5 2 6 4 0 
17 10 7 1 3 7 4 2 6 0 5 
17 12 5 1 3 5 7 0 2 6 4 
16 14 2 1 3 5 7 4 2 6 0 
17 7 10 4 3 0 7 2 6 1 5 
16 8 8 4 3 1 7 2 6 0 5 
15 9 6 4 3 1 7 2 6 5 0 
17 8 9 4 3 7 5 2 6 0 1 
17 10 7 2 0 3 4 5 6 7 1 
17 10 7 2 3 4 0 5 6 7 1 
16 11 5 2 3 4 1 5 6 7 0 
17 5 12 0 3 1 4 7 2 6 5 
16 8 8 5 3 1 4 7 2 6 0 
17 6 11 3 1 6 4 7 2 0 5 
17 6 11 3 1 4 0 7 2 6 5 
16 7 9 3 1 4 5 7 2 6 0 
17 9 8 3 2 1 0 5 7 6 4 
17 9 8 3 2 1 4 5 7 0 6 
17 6 11 1 0 4 3 2 7 6 5 
17 9 8 2 1 4 0 5 7 6 3 
17 9 8 2 1 4 3 5 7 0 6 
17 9 8 3 1 5 4 2 7 6 0 
17 7 10 0 3 7 1 4 2 6 5 
15 9 6 1 3 7 0 4 2 6 5 
14 10 4 1 3 7 5 4 2 6 0 
16 10 6 1 3 0 7 4 2 6 5 
17 7 10 0 3 7 1 5 2 6 4 
15 9 6 1 3 7 0 5 2 6 4 
14 10 4 1 3 7 4 5 2 6 0 
17 8 9 7 3 1 0 2 6 5 4 
17 8 9 5 3 1 4 0 2 7 6 
16 10 6 5 3 1 4 6 2 7 0 
17 9 8 0 2 3 1 5 7 6 4 
15 11 4 1 2 3 0 5 7 6 4 
14 12 2 1 2 3 4 5 7 6 0 
17 5 12 3 6 7 4 0 2 1 5 
15 7 8 3 6 7 4 5 2 1 0 
17 6 11 3 6 0 4 2 1 7 5 
17 7 10 3 6 7 0 2 1 5 4 
17 8 9 2 3 0 4 6 1 7 5 
17 9 8 4 3 1 7 2 0 6 5 
17 11 6 0 2 3 4 5 6 7 1 
14 14 0 1 2 3 4 5 6 7 0 
