10 0 10 1 7 4 5 3 2 0 6 
9 1 8 1 7 4 5 3 2 6 0 
11 1 10 1 7 0 5 3 2 4 6 
10 2 8 1 7 5 0 3 2 4 6 
11 3 8 1 7 5 6 3 2 4 0 
12 2 10 1 7 4 0 3 2 6 5 
12 2 10 1 0 7 5 3 2 4 6 
13 1 12 1 7 4 5 3 0 2 6 
13 3 10 1 2 7 5 3 0 4 6 
12 4 8 1 2 7 5 3 4 0 6 
11 5 6 1 2 7 5 3 4 6 0 
13 2 11 1 7 4 5 0 3 2 6 
13 4 9 1 2 7 5 0 3 4 6 
14 3 11 1 7 4 5 0 2 6 3 
14 4 10 1 7 0 5 3 2 6 4 
13 5 8 1 7 5 0 3 2 6 4 
14 5 9 1 7 5 3 0 2 4 6 
14 4 10 1 7 5 6 3 2 0 4 
14 3 11 1 7 0 4 3 2 6 5 
14 3 11 0 1 7 5 3 2 4 6 
13 4 9 3 1 7 5 0 2 4 6 
13 5 8 3 1 7 5 2 0 4 6 
12 6 6 3 1 7 5 2 4 0 6 
11 7 4 3 1 7 5 2 4 6 0 
14 6 8 1 2 7 0 3 4 6 5 
14 4 10 1 7 4 5 6 3 2 0 
14 6 8 1 2 7 5 6 3 4 0 
14 4 10 1 7 4 5 2 0 6 3 
14 6 8 1 7 4 0 5 2 6 3 
13 7 6 1 7 4 3 5 2 6 0 
14 6 8 1 7 5 4 3 2 6 0 
14 6 8 1 7 5 3 2 0 4 6 
13 7 6 1 7 5 3 2 4 0 6 
12 8 4 1 7 5 3 2 4 6 0 
14 6 8 3 1 7 5 6 2 4 0 
14 8 6 3 1 7 0 2 4 6 5 
15 5 10 1 7 5 4 3 2 0 6 
15 5 10 1 7 4 3 0 2 6 5 
15 5 10 1 2 0 5 3 4 7 6 
14 6 8 1 2 5 0 3 4 7 6 
15 5 10 1 7 4 0 5 3 2 6 
15 7 8 1 0 7 5 2 3 4 6 
14 8 6 1 3 7 5 2 0 4 6 
13 9 4 1 3 7 5 2 4 0 6 
12 10 2 1 3 7 5 2 4 6 0 
15 7 8 1 2 7 0 5 3 4 6 
15 5 10 1 7 6 5 3 2 0 4 
14 6 8 1 7 6 5 3 2 4 0 
15 5 10 1 0 7 5 3 2 6 4 
15 7 8 1 7 5 3 6 2 4 0 
15 4 11 1 7 6 4 3 2 0 5 
15 4 11 1 0 7 4 3 2 6 5 
14 5 9 1 2 7 4 3 0 6 5 
13 6 7 1 2 7 4 3 6 0 5 
13 7 6 1 2 7 4 3 6 5 0 
14 6 8 1 2 7 4 0 3 6 5 
12 8 4 1 2 7 4 5 3 6 0 
14 7 7 1 2 0 4 3 6 7 5 
15 5 10 5 1 7 0 3 2 4 6 
15 7 8 3 1 0 5 2 4 7 6 
14 8 6 3 1 5 0 2 4 7 6 
15 7 8 1 2 0 7 3 4 6 5 
15 5 10 1 7 4 5 2 6 0 3 
14 6 8 1 7 4 5 2 6 3 0 
15 7 8 1 7 0 4 5 2 6 3 
15 9 6 1 7 5 0 2 4 6 3 
15 9 6 3 1 0 7 2 4 6 5 
15 7 8 1 2 5 6 3 4 7 0 
15 9 6 1 2 5 7 3 4 0 6 
14 10 4 1 2 5 7 3 4 6 0 
15 11 4 1 3 7 0 2 4 6 5 
15 5 10 1 7 6 4 3 2 5 0 
15 9 6 1 2 7 0 5 3 6 4 
15 9 6 1 2 7 4 5 3 0 6 
15 8 7 1 2 4 0 3 6 7 5 
15 9 6 3 1 5 6 2 4 7 0 
15 11 4 3 1 5 7 2 4 0 6 
14 12 2 3 1 5 7 2 4 6 0 
16 4 12 0 7 5 1 3 2 4 6 
15 5 10 3 7 5 1 0 2 4 6 
15 6 9 3 7 5 1 2 0 4 6 
14 7 7 3 7 5 1 2 4 0 6 
13 8 5 3 7 5 1 2 4 6 0 
16 5 11 1 7 5 6 0 2 4 3 
16 2 14 1 0 4 5 3 7 2 6 
15 3 12 1 4 0 5 3 7 2 6 
14 4 10 1 4 5 0 3 7 2 6 
15 5 10 1 4 5 6 3 7 2 0 
16 7 9 1 2 7 5 0 4 6 3 
16 8 8 1 2 0 5 3 4 6 7 
15 9 6 1 2 5 0 3 4 6 7 
16 3 13 0 7 4 5 1 3 2 6 
16 5 11 0 2 7 5 1 3 4 6 
16 6 10 2 1 7 5 3 0 4 6 
15 7 8 2 1 7 5 3 4 0 6 
14 8 6 2 1 7 5 3 4 6 0 
16 6 10 6 1 7 5 3 2 4 0 
16 6 10 3 0 7 5 2 1 4 6 
16 10 6 3 1 0 5 2 4 6 7 
15 11 4 3 1 5 0 2 4 6 7 
16 5 11 1 7 4 0 6 3 2 5 
16 5 11 1 7 4 5 6 3 0 2 
16 7 9 1 2 7 0 6 3 4 5 
16 7 9 1 2 7 5 6 3 0 4 
16 8 8 1 7 4 3 5 2 0 6 
16 8 8 1 7 0 3 2 4 5 6 
15 9 6 1 7 3 0 2 4 5 6 
16 6 10 1 7 4 3 2 0 6 5 
16 6 10 1 7 4 6 5 3 2 0 
16 6 10 1 7 0 4 5 3 2 6 
15 7 8 1 7 2 4 5 3 0 6 
14 8 6 1 7 2 4 5 3 6 0 
16 8 8 1 7 0 5 2 3 4 6 
15 9 6 1 7 5 0 2 3 4 6 
16 9 7 1 3 7 5 0 2 4 6 
16 10 6 1 3 0 5 2 4 7 6 
15 11 4 1 3 5 0 2 4 7 6 
16 8 8 1 2 7 6 5 3 4 0 
16 6 10 1 2 7 5 3 0 6 4 
16 8 8 1 2 7 0 3 6 5 4 
16 9 7 1 2 7 4 0 6 5 3 
16 6 10 5 1 7 6 3 2 4 0 
16 6 10 5 1 0 7 3 2 4 6 
16 8 8 1 2 6 7 3 4 0 5 
15 9 6 1 2 6 7 3 4 5 0 
16 6 10 1 7 0 5 2 6 4 3 
15 7 8 1 7 5 0 2 6 4 3 
14 8 6 1 7 5 3 2 6 4 0 
16 7 9 1 7 4 0 2 6 3 5 
16 8 8 1 7 6 4 5 2 0 3 
15 9 6 1 7 6 4 5 2 3 0 
16 8 8 1 0 7 4 5 2 6 3 
15 9 6 1 2 7 4 5 0 6 3 
14 10 4 1 2 7 4 5 6 0 3 
13 11 2 1 2 7 4 5 6 3 0 
15 11 4 1 2 0 4 5 6 7 3 
16 10 6 3 1 6 7 2 4 0 5 
15 11 4 3 1 6 7 2 4 5 0 
16 8 8 1 2 5 6 3 4 0 7 
16 12 4 1 3 0 7 2 4 6 5 
16 6 10 1 7 6 0 3 2 5 4 
16 10 6 1 2 0 4 5 3 7 6 
16 10 6 1 2 7 4 5 0 3 6 
16 9 7 1 2 4 5 3 6 7 0 
16 10 6 3 1 5 6 2 4 0 7 
16 7 9 3 7 5 1 6 2 4 0 
16 8 8 3 7 5 0 1 2 4 6 
16 9 7 3 7 5 0 2 4 6 1 
16 6 10 1 7 5 6 2 0 4 3 
15 7 8 1 7 5 6 2 4 0 3 
14 8 6 1 7 5 6 2 4 3 0 
15 9 6 1 7 5 0 2 4 3 6 
16 4 12 1 4 2 5 3 7 0 6 
15 5 10 1 4 2 5 3 7 6 0 
16 6 10 2 0 7 5 1 3 4 6 
15 7 8 2 3 7 5 1 0 4 6 
14 8 6 2 3 7 5 1 4 0 6 
13 9 4 2 3 7 5 1 4 6 0 
16 7 9 2 1 7 5 0 3 4 6 
16 7 9 0 3 7 5 2 1 4 6 
16 10 6 1 7 3 6 2 4 5 0 
16 7 9 1 7 4 3 2 6 0 5 
16 8 8 1 7 2 4 5 0 3 6 
16 10 6 1 7 5 6 2 3 4 0 
16 12 4 1 3 5 6 2 4 7 0 
16 14 2 1 3 5 7 2 4 0 6 
15 15 0 1 3 5 7 2 4 6 0 
