8 0 8 2 6 4 0 5 1 7 3 
7 1 6 2 6 4 3 5 1 7 0 
9 1 8 2 6 0 4 5 1 7 3 
10 2 8 2 6 4 3 5 1 0 7 
10 2 8 2 6 7 4 5 1 0 3 
9 3 6 2 6 7 4 5 1 3 0 
12 4 8 2 6 0 3 5 1 7 4 
11 5 6 2 6 3 0 5 1 7 4 
10 6 4 2 6 3 4 5 1 7 0 
12 2 10 2 0 6 4 5 1 7 3 
11 3 8 2 1 6 4 5 0 7 3 
12 4 8 2 6 7 0 5 1 3 4 
12 3 9 0 2 6 4 5 1 7 3 
12 4 8 2 1 6 4 5 7 0 3 
11 5 6 2 1 6 4 5 7 3 0 
12 6 6 1 2 6 4 5 0 7 3 
12 6 6 3 2 6 4 5 1 7 0 
13 2 11 0 6 4 2 5 1 7 3 
13 3 10 2 6 4 7 5 1 0 3 
12 4 8 2 6 4 7 5 1 3 0 
13 3 10 2 6 4 3 0 1 7 5 
13 3 10 2 6 0 3 5 1 4 7 
12 4 8 2 6 3 0 5 1 4 7 
13 3 10 2 6 4 3 5 0 1 7 
13 3 10 2 6 7 4 5 0 1 3 
13 5 8 2 6 7 3 5 1 0 4 
13 7 6 2 6 3 4 5 1 0 7 
13 4 9 2 1 6 4 0 5 7 3 
13 4 9 5 2 6 4 0 1 7 3 
13 5 8 2 1 0 4 5 7 6 3 
13 7 6 1 2 6 4 5 7 0 3 
12 8 4 1 2 6 4 5 7 3 0 
13 5 8 1 6 4 2 5 0 7 3 
13 5 8 3 6 4 2 5 1 7 0 
13 5 8 2 6 4 0 5 1 3 7 
13 4 9 2 6 4 3 1 0 7 5 
13 5 8 2 6 3 7 5 1 4 0 
13 5 8 5 2 6 4 1 0 7 3 
14 6 8 2 6 0 4 5 1 3 7 
14 5 9 4 2 6 0 5 1 7 3 
13 6 7 4 2 6 3 5 1 7 0 
14 6 8 2 1 6 0 5 7 3 4 
14 7 7 1 2 6 4 0 5 7 3 
14 3 11 5 6 4 2 0 1 7 3 
14 4 10 2 0 4 3 5 6 1 7 
14 4 10 2 0 7 4 5 6 1 3 
14 6 8 2 6 7 3 5 1 4 0 
14 6 8 2 1 6 4 3 5 7 0 
14 6 8 5 2 6 4 3 1 7 0 
14 6 8 2 1 4 0 5 7 6 3 
13 7 6 2 1 4 3 5 7 6 0 
14 8 6 1 2 0 4 5 7 6 3 
14 6 8 1 0 4 2 5 6 7 3 
14 6 8 1 6 4 2 5 7 0 3 
13 7 6 1 6 4 2 5 7 3 0 
14 5 9 2 0 4 3 1 6 7 5 
14 5 9 2 6 4 3 1 7 0 5 
14 6 8 2 6 3 7 5 1 0 4 
14 6 8 5 2 6 4 1 7 0 3 
13 7 6 5 2 6 4 1 7 3 0 
14 4 10 5 6 4 2 1 0 7 3 
14 5 9 0 2 4 3 5 6 1 7 
14 5 9 0 2 7 4 5 6 1 3 
14 6 8 0 2 4 3 1 6 7 5 
13 7 6 1 2 4 3 0 6 7 5 
11 9 2 1 2 4 3 5 6 7 0 
13 9 4 5 2 4 3 1 6 7 0 
14 6 8 2 6 4 3 1 7 5 0 
14 8 6 3 2 7 4 5 6 1 0 
14 10 4 1 2 4 0 5 6 7 3 
14 10 4 1 2 4 3 5 6 0 7 
15 3 12 2 6 4 5 0 1 7 3 
15 4 11 0 6 4 3 5 1 7 2 
15 5 10 2 6 7 4 0 1 3 5 
15 5 10 2 0 6 3 5 1 7 4 
14 6 8 2 1 6 3 5 0 7 4 
15 5 10 2 6 0 7 5 1 3 4 
15 7 8 1 0 6 4 5 2 7 3 
14 8 6 1 6 0 4 5 2 7 3 
15 7 8 3 2 6 0 5 1 7 4 
15 7 8 3 2 6 4 5 1 0 7 
15 3 12 6 0 4 2 5 1 7 3 
14 4 10 6 1 4 2 5 0 7 3 
15 4 11 2 6 4 3 0 5 1 7 
15 4 11 2 6 7 4 0 5 1 3 
15 9 6 1 2 6 0 5 7 3 4 
15 6 9 1 6 4 2 0 5 7 3 
15 9 6 1 2 6 4 3 5 7 0 
15 5 10 5 6 4 2 3 1 7 0 
15 5 10 2 4 0 3 5 6 1 7 
14 6 8 2 4 1 3 5 6 0 7 
13 7 6 2 4 1 3 5 6 7 0 
14 6 8 2 4 3 0 5 6 1 7 
15 5 10 2 7 0 4 5 6 1 3 
14 6 8 2 7 1 4 5 6 0 3 
13 7 6 2 7 1 4 5 6 3 0 
15 9 6 1 2 4 0 5 7 6 3 
14 10 4 1 2 4 3 5 7 6 0 
15 7 8 1 4 0 2 5 6 7 3 
14 8 6 1 4 2 0 5 6 7 3 
13 9 4 1 4 2 3 5 6 7 0 
15 6 9 2 4 0 3 1 6 7 5 
14 7 7 2 4 3 0 1 6 7 5 
15 7 8 5 2 0 4 1 7 6 3 
15 5 10 5 0 4 2 1 6 7 3 
15 5 10 5 6 4 2 1 7 0 3 
14 6 8 5 6 4 2 1 7 3 0 
15 6 9 5 2 4 3 0 6 1 7 
15 7 8 3 2 4 0 5 6 1 7 
15 6 9 5 2 7 4 0 6 1 3 
15 8 7 3 2 4 0 1 6 7 5 
15 8 7 1 2 4 3 6 0 7 5 
15 11 4 1 2 0 4 5 6 7 3 
15 4 11 2 6 4 5 1 0 7 3 
15 7 8 1 6 4 3 5 0 7 2 
15 6 9 2 6 7 4 1 0 3 5 
15 6 9 0 2 6 3 5 1 7 4 
15 7 8 2 1 6 3 5 7 0 4 
15 9 6 1 6 7 4 5 2 0 3 
14 10 4 1 6 7 4 5 2 3 0 
15 9 6 1 6 4 0 5 2 7 3 
14 10 4 1 6 4 3 5 2 7 0 
15 5 10 6 1 4 2 5 7 0 3 
14 6 8 6 1 4 2 5 7 3 0 
15 7 8 2 4 3 7 5 6 1 0 
15 8 7 2 4 3 5 1 6 7 0 
15 9 6 1 2 6 3 5 0 7 4 
16 7 9 0 6 3 2 5 1 7 4 
16 8 8 2 6 3 4 0 1 7 5 
16 8 8 2 1 0 4 5 7 3 6 
15 9 6 2 1 3 4 5 7 0 6 
14 10 4 2 1 3 4 5 7 6 0 
16 4 12 2 6 0 7 5 1 4 3 
15 5 10 2 6 7 0 5 1 4 3 
16 4 12 2 6 4 7 5 0 1 3 
16 4 12 0 6 4 3 2 1 7 5 
15 7 8 5 6 4 3 2 1 7 0 
16 4 12 2 0 6 3 5 1 4 7 
15 5 10 2 1 6 3 5 0 4 7 
16 6 10 2 6 7 3 5 0 1 4 
16 8 8 2 6 3 4 5 0 1 7 
16 5 11 0 1 6 4 2 5 7 3 
16 6 10 2 0 1 4 5 7 6 3 
16 6 10 3 6 4 0 5 1 7 2 
16 6 10 3 6 4 2 5 1 0 7 
16 6 10 5 0 6 4 1 2 7 3 
15 7 8 5 6 0 4 1 2 7 3 
16 7 9 4 2 6 3 5 1 0 7 
16 6 10 5 6 4 0 2 1 7 3 
16 8 8 2 1 4 3 5 7 0 6 
16 7 9 0 1 4 2 5 6 7 3 
15 9 6 2 1 4 0 5 6 7 3 
14 10 4 2 1 4 3 5 6 7 0 
16 8 8 1 6 4 0 5 7 3 2 
16 8 8 5 2 6 0 1 7 3 4 
16 8 8 7 2 4 3 5 6 1 0 
16 7 9 4 2 7 0 5 6 1 3 
15 8 7 4 2 7 3 5 6 1 0 
16 12 4 1 2 0 3 5 6 7 4 
15 13 2 1 2 3 0 5 6 7 4 
14 14 0 1 2 3 4 5 6 7 0 
