7 0 7 5 1 2 7 0 6 4 3 
7 1 6 0 1 2 7 5 6 4 3 
7 2 5 1 0 2 7 5 6 4 3 
7 3 4 1 2 0 7 5 6 4 3 
8 2 6 5 1 2 7 3 6 4 0 
8 1 7 5 1 2 7 6 0 4 3 
8 4 4 1 2 4 7 5 6 0 3 
8 4 4 1 2 7 0 5 6 4 3 
8 2 6 5 1 2 7 6 4 0 3 
8 5 3 1 2 4 7 5 6 3 0 
8 5 3 1 2 7 3 5 6 4 0 
8 3 5 5 1 2 7 6 4 3 0 
9 3 6 7 1 2 0 5 6 4 3 
9 4 5 3 1 2 7 5 6 4 0 
9 3 6 1 6 2 7 5 0 4 3 
9 2 7 5 0 2 7 6 1 4 3 
9 3 6 5 1 0 7 6 4 2 3 
9 4 5 7 1 2 3 5 6 4 0 
9 4 5 1 6 2 7 5 4 0 3 
9 5 4 1 6 2 7 5 4 3 0 
10 3 7 5 0 2 7 1 6 4 3 
10 3 7 5 1 2 0 7 6 4 3 
10 3 7 5 1 2 0 3 6 4 7 
10 3 7 5 1 2 7 3 6 0 4 
10 5 5 1 2 4 7 5 0 6 3 
10 7 3 1 2 7 4 5 6 0 3 
10 6 4 1 2 4 0 5 6 3 7 
10 6 4 1 2 7 3 5 6 0 4 
10 4 6 7 1 0 2 5 6 4 3 
10 4 6 1 6 2 7 0 5 4 3 
10 3 7 0 5 2 7 6 1 4 3 
10 3 7 5 2 0 7 6 1 4 3 
10 4 6 5 0 1 7 6 4 2 3 
10 5 5 1 6 0 7 5 4 2 3 
10 4 6 5 2 0 7 1 6 4 3 
10 4 6 5 1 2 3 7 6 4 0 
10 4 6 5 1 2 7 3 0 6 4 
10 8 2 1 2 0 4 5 6 7 3 
10 8 2 1 2 7 4 5 6 3 0 
10 7 3 1 2 0 4 5 6 3 7 
10 7 3 1 2 0 3 5 6 7 4 
10 8 2 1 2 3 4 5 6 0 7 
9 9 0 1 2 3 4 5 6 7 0 
