8 0 8 1 7 3 5 4 2 0 6 
7 1 6 1 7 3 5 4 2 6 0 
10 2 8 1 7 3 0 4 2 6 5 
11 1 10 1 7 0 5 4 2 3 6 
10 2 8 1 7 5 0 4 2 3 6 
11 1 10 1 7 3 5 4 0 2 6 
11 3 8 1 7 5 6 4 2 3 0 
11 2 9 1 7 3 5 0 4 2 6 
12 3 9 1 7 3 5 0 2 6 4 
12 2 10 1 0 7 5 4 2 3 6 
12 4 8 1 7 3 5 6 4 2 0 
12 4 8 1 7 3 5 2 0 6 4 
12 6 6 1 7 3 0 5 2 6 4 
11 7 4 1 7 3 4 5 2 6 0 
13 3 10 1 7 0 3 4 2 6 5 
13 5 8 1 7 3 4 0 2 6 5 
13 5 8 1 7 5 3 4 2 0 6 
12 6 6 1 7 5 3 4 2 6 0 
13 3 10 1 2 7 5 4 0 3 6 
12 4 8 1 2 7 5 4 3 0 6 
11 5 6 1 2 7 5 4 3 6 0 
13 5 8 1 7 3 5 2 6 0 4 
12 6 6 1 7 3 5 2 6 4 0 
13 4 9 1 2 7 5 0 4 3 6 
14 4 10 1 7 0 5 4 2 6 3 
13 5 8 1 7 5 0 4 2 6 3 
14 2 12 1 0 3 5 4 7 2 6 
13 3 10 1 3 0 5 4 7 2 6 
12 4 8 1 3 5 0 4 7 2 6 
13 5 8 1 3 5 6 4 7 2 0 
14 4 10 1 7 5 6 4 2 0 3 
14 3 11 0 7 3 5 1 4 2 6 
14 3 11 0 1 7 5 4 2 3 6 
14 5 9 1 7 3 5 6 4 0 2 
14 8 6 1 7 3 4 5 2 0 6 
14 4 10 1 7 6 3 4 2 0 5 
13 5 8 1 7 6 3 4 2 5 0 
14 4 10 1 0 7 3 4 2 6 5 
14 6 8 1 2 7 0 4 3 6 5 
14 6 8 1 2 7 5 6 4 3 0 
14 4 10 1 3 2 5 4 7 0 6 
13 5 8 1 3 2 5 4 7 6 0 
15 5 10 1 7 3 6 4 2 0 5 
14 6 8 1 7 3 6 4 2 5 0 
15 5 10 1 7 3 0 5 4 2 6 
15 4 11 0 7 3 5 1 2 6 4 
14 6 8 5 7 3 0 1 2 6 4 
13 7 6 5 7 3 4 1 2 6 0 
15 5 10 1 7 3 0 6 4 2 5 
15 5 10 1 0 3 5 2 7 6 4 
14 6 8 1 3 0 5 2 7 6 4 
13 7 6 1 3 5 0 2 7 6 4 
14 8 6 1 3 5 4 2 7 6 0 
15 7 8 1 7 0 3 5 2 6 4 
15 6 9 1 7 3 4 2 0 6 5 
14 7 7 1 7 3 4 2 6 0 5 
14 8 6 1 7 3 4 2 6 5 0 
15 5 10 1 2 0 5 4 3 7 6 
14 6 8 1 2 5 0 4 3 7 6 
15 7 8 1 7 3 0 2 6 4 5 
15 7 8 1 0 7 5 2 4 3 6 
15 7 8 1 2 7 0 5 4 3 6 
15 5 10 1 7 6 5 4 2 0 3 
14 6 8 1 7 6 5 4 2 3 0 
15 5 10 1 0 7 5 4 2 6 3 
15 6 9 1 3 5 6 4 7 0 2 
15 5 10 5 7 3 0 1 4 2 6 
15 4 11 7 0 3 5 1 4 2 6 
14 5 9 7 3 0 5 1 4 2 6 
13 6 7 7 3 5 0 1 4 2 6 
14 7 7 7 3 5 6 1 4 2 0 
15 4 11 4 1 7 5 0 2 3 6 
15 5 10 5 1 7 0 4 2 3 6 
15 5 10 1 2 7 3 4 0 6 5 
14 6 8 1 2 7 3 4 6 0 5 
14 7 7 1 2 7 3 4 6 5 0 
15 7 8 1 2 0 7 4 3 6 5 
15 5 10 1 3 2 5 4 0 7 6 
15 7 8 1 7 3 0 4 2 5 6 
15 7 8 4 7 3 5 1 2 6 0 
15 7 8 1 3 6 5 2 7 0 4 
14 8 6 1 3 6 5 2 7 4 0 
15 7 8 1 2 5 6 4 3 7 0 
15 9 6 1 2 5 7 4 3 0 6 
14 10 4 1 2 5 7 4 3 6 0 
15 6 9 7 3 2 5 1 4 0 6 
14 7 7 7 3 2 5 1 4 6 0 
15 8 7 0 3 5 7 1 4 2 6 
14 9 5 1 3 5 7 0 4 2 6 
15 5 10 4 1 7 5 2 0 3 6 
14 6 8 4 1 7 5 2 3 0 6 
13 7 6 4 1 7 5 2 3 6 0 
15 6 9 1 2 7 3 0 4 6 5 
14 8 6 1 2 7 3 5 4 6 0 
15 7 8 1 2 0 3 4 6 7 5 
14 8 6 1 2 3 0 4 6 7 5 
15 6 9 1 3 2 5 0 4 7 6 
15 11 4 1 3 5 7 6 4 2 0 
15 9 6 1 2 3 5 4 6 7 0 
15 11 4 1 2 3 4 0 6 7 5 
13 13 0 1 2 3 4 5 6 7 0 
