0 0 14 5 0 1 4 7 3 6 2 
0 0 12 5 3 1 4 7 0 6 2 
0 0 10 5 3 1 4 7 6 0 2 
0 0 8 5 3 1 4 7 6 2 0 
0 0 9 5 3 1 4 0 6 2 7 
0 0 9 0 3 1 4 5 6 2 7 
0 0 8 7 3 1 4 5 6 2 0 
0 0 9 4 3 1 0 5 6 2 7 
0 0 9 4 3 1 7 5 6 2 0 
0 0 9 4 3 1 2 5 6 0 7 
0 0 7 4 3 1 2 5 6 7 0 
0 0 9 4 3 1 0 5 6 7 2 
0 0 9 0 3 1 2 5 6 7 4 
0 0 6 2 3 1 0 5 6 7 4 
0 0 4 2 3 1 4 5 6 7 0 
0 0 6 2 3 1 4 5 6 0 7 
0 0 7 2 3 0 1 5 6 7 4 
0 0 7 2 3 0 4 5 6 7 1 
0 0 7 2 3 7 1 5 6 0 4 
0 0 7 2 0 3 1 5 6 7 4 
0 0 6 0 2 3 1 5 6 7 4 
0 0 2 1 2 3 0 5 6 7 4 
0 0 0 1 2 3 4 5 6 7 0 
