0 0 13 5 4 6 2 0 1 7 3 
0 0 12 5 4 6 2 3 1 7 0 
0 0 12 5 4 6 2 1 0 7 3 
0 0 12 5 4 6 0 2 1 7 3 
0 0 10 5 4 6 3 2 1 7 0 
0 0 10 5 4 6 7 2 1 0 3 
0 0 8 5 4 6 7 2 1 3 0 
0 0 10 5 4 6 3 2 1 0 7 
0 0 10 5 4 0 7 2 1 6 3 
0 0 10 5 4 6 0 2 1 3 7 
0 0 10 5 4 0 7 2 1 3 6 
0 0 8 5 4 3 7 2 1 0 6 
0 0 6 5 4 3 7 2 1 6 0 
0 0 8 5 4 3 0 2 1 6 7 
0 0 9 0 4 3 7 2 1 6 5 
0 0 6 1 4 3 7 2 0 6 5 
0 0 6 1 0 3 7 2 4 6 5 
0 0 4 1 3 0 7 2 4 6 5 
0 0 4 1 3 6 7 2 4 0 5 
0 0 2 1 3 6 7 2 4 5 0 
0 0 4 1 3 7 0 2 4 6 5 
0 0 2 1 3 7 5 2 4 6 0 
0 0 4 1 3 6 0 2 4 5 7 
0 0 4 1 3 0 7 2 4 5 6 
0 0 2 1 3 5 7 2 4 0 6 
0 0 0 1 3 5 7 2 4 6 0 
