10 0 10 3 4 1 7 0 6 5 2 
8 2 6 3 4 1 7 2 6 5 0 
11 3 8 3 4 1 0 2 6 5 7 
11 3 8 3 4 1 7 2 6 0 5 
12 1 11 3 4 1 7 6 0 5 2 
12 4 8 3 4 1 7 2 0 6 5 
13 1 12 0 4 1 7 3 6 5 2 
12 4 8 2 4 1 7 3 6 5 0 
13 4 9 3 4 0 1 2 6 5 7 
12 5 7 3 4 5 1 2 6 0 7 
13 2 11 3 0 1 7 6 4 5 2 
12 3 9 3 1 0 7 6 4 5 2 
11 4 7 3 1 5 7 6 4 0 2 
11 5 6 3 1 5 7 6 4 2 0 
13 2 11 3 4 1 7 6 5 0 2 
13 5 8 3 0 1 7 2 4 6 5 
12 6 6 3 1 0 7 2 4 6 5 
13 6 7 3 4 5 1 2 0 6 7 
13 6 7 3 4 5 1 2 6 7 0 
13 3 10 0 3 1 7 6 4 5 2 
12 6 6 2 3 1 7 6 4 5 0 
13 4 9 3 1 7 0 6 4 5 2 
13 3 10 3 4 1 7 6 5 2 0 
13 6 7 0 3 1 7 2 4 6 5 
13 7 6 3 1 6 7 2 4 0 5 
12 8 4 3 1 6 7 2 4 5 0 
13 7 6 3 1 7 0 2 4 6 5 
12 8 4 3 1 7 5 2 4 6 0 
13 9 4 5 3 1 7 2 4 6 0 
14 3 11 3 0 1 7 4 6 5 2 
13 4 9 3 1 0 7 4 6 5 2 
12 5 7 3 1 5 7 4 6 0 2 
12 6 6 3 1 5 7 4 6 2 0 
13 6 7 3 1 5 7 4 0 6 2 
13 7 6 3 1 5 7 0 4 6 2 
11 9 2 3 1 5 7 2 4 6 0 
14 5 9 3 4 0 7 2 6 5 1 
13 6 7 3 4 5 7 2 6 0 1 
13 7 6 3 4 5 7 2 6 1 0 
14 6 8 3 4 1 5 2 6 0 7 
14 4 10 3 4 0 7 2 6 1 5 
14 5 9 3 4 1 7 0 2 6 5 
14 5 9 3 1 5 7 6 0 4 2 
14 6 8 3 1 5 0 6 4 2 7 
14 7 7 3 1 5 7 0 4 2 6 
14 7 7 3 0 5 1 2 4 6 7 
14 4 10 6 3 1 7 0 4 5 2 
12 6 6 6 3 1 7 2 4 5 0 
14 5 9 3 1 7 2 6 4 5 0 
14 7 7 2 3 1 7 0 4 6 5 
14 4 10 0 3 1 7 4 6 5 2 
13 7 6 2 3 1 7 4 6 5 0 
14 5 9 3 1 7 0 4 6 5 2 
14 10 4 3 1 5 0 2 4 6 7 
14 10 4 3 1 5 7 2 4 0 6 
14 7 7 3 4 5 7 2 0 6 1 
14 6 8 3 1 5 7 0 6 4 2 
12 8 4 3 1 5 7 2 6 4 0 
14 8 6 0 3 5 1 2 4 6 7 
12 10 2 1 3 5 0 2 4 6 7 
11 11 0 1 3 5 7 2 4 6 0 
