12 0 12 0 7 3 1 6 5 2 4 
10 2 8 1 7 3 0 6 5 2 4 
9 3 6 1 7 3 4 6 5 2 0 
12 4 8 1 7 3 4 6 5 0 2 
13 1 12 6 7 3 1 0 5 2 4 
13 3 10 4 7 3 1 6 5 2 0 
13 3 10 1 7 0 3 6 5 2 4 
12 4 8 1 7 2 3 6 5 0 4 
13 5 8 1 7 3 2 6 5 0 4 
13 2 11 6 7 3 1 5 0 2 4 
12 3 9 6 7 3 1 5 2 0 4 
13 5 8 1 7 2 3 6 5 4 0 
13 4 9 6 7 3 1 5 2 4 0 
14 1 13 7 0 3 1 6 5 2 4 
14 3 11 5 7 3 1 6 0 2 4 
13 4 9 5 7 3 1 6 2 0 4 
14 5 9 1 7 3 4 0 5 2 6 
14 4 10 6 7 3 0 1 5 2 4 
13 5 8 6 7 3 4 1 5 2 0 
14 4 10 1 0 7 3 6 5 2 4 
14 6 8 1 7 3 2 6 5 4 0 
14 3 11 6 0 3 1 5 7 2 4 
14 4 10 5 7 3 1 0 6 2 4 
14 5 9 5 7 3 1 6 2 4 0 
14 6 8 1 7 3 4 5 0 2 6 
13 7 6 1 7 3 4 5 2 0 6 
12 8 4 1 7 3 4 5 2 6 0 
14 4 10 0 6 3 1 5 7 2 4 
12 6 6 1 6 3 0 5 7 2 4 
11 7 4 1 6 3 4 5 7 2 0 
14 8 6 1 6 3 4 5 7 0 2 
15 5 10 1 7 0 4 6 5 3 2 
15 5 10 1 7 3 4 6 0 5 2 
15 3 12 6 7 3 1 4 5 2 0 
15 5 10 1 7 2 3 6 0 5 4 
15 4 11 6 7 0 1 5 2 3 4 
15 2 13 7 5 3 1 6 0 2 4 
14 3 11 7 5 3 1 6 2 0 4 
14 4 10 7 5 3 1 6 2 4 0 
15 2 13 7 3 0 1 6 5 2 4 
14 3 11 7 3 2 1 6 5 0 4 
15 4 11 5 0 3 1 6 7 2 4 
15 5 10 1 5 7 3 6 0 2 4 
14 6 8 1 5 7 3 6 2 0 4 
15 4 11 6 3 0 1 5 7 2 4 
14 5 9 6 3 2 1 5 7 0 4 
15 5 10 0 7 3 1 5 6 2 4 
13 7 6 1 7 3 0 5 6 2 4 
12 8 4 1 7 3 4 5 6 2 0 
15 7 8 5 7 3 0 1 6 2 4 
14 8 6 5 7 3 4 1 6 2 0 
15 7 8 1 0 3 4 5 7 2 6 
15 9 6 1 7 3 0 5 2 6 4 
15 5 10 5 6 3 1 0 7 2 4 
15 7 8 4 6 3 1 5 7 2 0 
15 7 8 1 6 0 3 5 7 2 4 
14 8 6 1 6 2 3 5 7 0 4 
15 9 6 1 6 3 2 5 7 0 4 
15 9 6 1 6 3 4 5 0 7 2 
15 6 9 1 7 3 4 0 6 5 2 
14 8 6 1 7 3 4 2 6 5 0 
15 6 9 1 7 2 3 0 6 5 4 
15 5 10 6 7 1 0 5 2 3 4 
14 6 8 6 7 1 4 5 2 3 0 
15 3 12 7 5 3 1 0 6 2 4 
15 3 12 7 3 1 0 6 5 2 4 
14 4 10 7 3 1 4 6 5 2 0 
15 4 11 7 3 2 1 6 5 4 0 
15 6 9 1 5 7 3 0 6 2 4 
15 7 8 1 5 0 3 6 2 7 4 
14 8 6 1 5 3 0 6 2 7 4 
13 9 4 1 5 3 4 6 2 7 0 
15 7 8 1 5 7 3 6 2 4 0 
15 5 10 6 3 1 0 5 7 2 4 
14 6 8 6 3 1 4 5 7 2 0 
15 6 9 6 3 2 1 5 0 7 4 
15 6 9 6 3 2 1 5 7 4 0 
15 9 6 1 7 3 4 5 6 0 2 
15 9 6 1 6 2 3 5 0 7 4 
15 9 6 1 6 2 3 5 7 4 0 
15 5 10 7 5 3 1 4 6 2 0 
16 5 11 1 7 3 6 0 5 2 4 
16 6 10 1 7 0 4 6 5 2 3 
15 7 8 1 7 2 4 6 5 0 3 
14 8 6 1 7 2 4 6 5 3 0 
16 4 12 4 7 3 0 6 5 2 1 
16 4 12 4 7 3 1 6 5 0 2 
16 6 10 1 7 0 2 6 5 3 4 
15 7 8 1 7 2 0 6 5 3 4 
16 6 10 1 7 3 2 6 0 5 4 
16 6 10 1 7 2 0 6 5 4 3 
16 5 11 6 7 3 0 5 2 4 1 
16 5 11 5 7 0 1 6 2 3 4 
16 6 10 6 7 3 4 1 5 0 2 
16 5 11 0 1 7 3 6 5 2 4 
16 6 10 5 7 3 1 4 6 2 0 
16 8 8 1 7 0 4 5 2 3 6 
16 6 10 1 0 7 4 6 5 3 2 
16 6 10 1 7 4 0 6 5 3 2 
15 7 8 1 7 4 2 6 5 3 0 
16 6 10 1 0 3 4 6 7 5 2 
16 6 10 1 0 2 3 6 7 5 4 
15 7 8 1 2 0 3 6 7 5 4 
14 8 6 1 2 3 0 6 7 5 4 
13 9 4 1 2 3 4 6 7 5 0 
15 10 5 1 2 3 4 6 7 0 5 
16 5 11 6 0 7 1 5 2 3 4 
15 6 9 6 2 7 1 5 0 3 4 
16 5 11 5 3 0 1 6 7 2 4 
15 6 9 5 3 2 1 6 7 0 4 
16 8 8 4 7 3 1 5 6 2 0 
16 8 8 1 7 0 3 5 6 2 4 
15 9 6 1 7 2 3 5 6 0 4 
16 10 6 1 7 3 2 5 6 0 4 
16 8 8 1 3 0 4 5 7 2 6 
15 9 6 1 3 2 4 5 7 0 6 
14 10 4 1 3 2 4 5 7 6 0 
16 8 8 5 6 3 0 1 7 2 4 
15 9 6 5 6 3 4 1 7 2 0 
16 10 6 1 6 3 2 5 0 7 4 
16 10 6 1 6 3 2 5 7 4 0 
16 10 6 1 0 3 4 5 6 7 2 
16 9 7 1 7 3 4 2 6 0 5 
16 4 12 0 5 3 1 7 6 2 4 
14 6 8 1 5 3 0 7 6 2 4 
13 7 6 1 5 3 4 7 6 2 0 
16 6 10 7 5 3 0 1 6 2 4 
15 7 8 7 5 3 4 1 6 2 0 
16 8 8 1 5 7 3 4 6 2 0 
16 10 6 1 5 3 4 6 2 0 7 
16 10 6 1 0 2 3 5 6 7 4 
15 11 4 1 2 0 3 5 6 7 4 
14 12 2 1 2 3 0 5 6 7 4 
13 13 0 1 2 3 4 5 6 7 0 
