12 0 12 3 5 6 4 1 0 7 2 
13 1 12 3 0 6 4 1 5 7 2 
12 2 10 3 6 0 4 1 5 7 2 
13 1 12 3 5 6 4 1 7 0 2 
12 2 10 3 5 6 4 1 7 2 0 
13 2 11 0 3 6 4 1 5 7 2 
11 5 6 2 3 6 4 1 5 7 0 
12 3 9 1 3 6 4 0 5 7 2 
11 5 6 1 3 6 4 2 5 7 0 
12 4 8 1 3 6 4 5 0 7 2 
13 3 10 3 6 7 4 1 5 0 2 
12 4 8 3 6 7 4 1 5 2 0 
13 3 10 3 6 4 0 1 5 7 2 
12 4 8 3 6 4 2 1 5 7 0 
13 5 8 1 3 6 4 5 7 0 2 
12 6 6 1 3 6 4 5 7 2 0 
14 1 13 3 5 6 4 0 1 7 2 
13 3 10 3 5 6 4 2 1 7 0 
14 2 12 3 5 0 4 1 7 6 2 
14 6 8 2 3 6 0 1 5 7 4 
14 6 8 2 3 6 4 1 5 0 7 
14 6 8 1 3 6 0 2 5 7 4 
14 6 8 1 3 6 4 2 5 0 7 
14 6 8 1 3 0 4 5 7 6 2 
14 4 10 3 5 6 0 2 1 7 4 
14 4 10 3 5 6 4 2 1 0 7 
14 3 11 3 5 4 0 1 7 6 2 
14 4 10 3 5 4 2 1 7 6 0 
15 3 12 3 5 6 0 1 7 2 4 
15 4 11 4 3 6 0 1 5 7 2 
14 5 9 4 3 6 2 1 5 7 0 
15 5 10 5 3 6 4 1 0 7 2 
15 6 9 1 3 6 0 4 5 7 2 
15 5 10 1 0 6 4 5 3 7 2 
14 6 8 1 6 0 4 5 3 7 2 
15 5 10 3 6 7 0 1 5 2 4 
15 5 10 3 6 4 2 1 5 0 7 
15 7 8 1 3 6 0 5 7 2 4 
15 4 11 3 5 6 0 4 1 7 2 
15 7 8 2 3 0 4 1 5 6 7 
15 9 6 1 3 6 7 2 5 0 4 
14 10 4 1 3 6 7 2 5 4 0 
15 7 8 1 3 0 4 2 5 6 7 
14 8 6 1 3 4 0 2 5 6 7 
13 9 4 1 3 4 7 2 5 6 0 
15 7 8 1 3 6 4 2 0 5 7 
15 7 8 1 0 3 4 5 7 6 2 
15 7 8 1 3 4 0 5 7 6 2 
14 8 6 1 3 4 2 5 7 6 0 
15 7 8 3 5 6 7 2 1 0 4 
14 8 6 3 5 6 7 2 1 4 0 
15 5 10 3 5 0 4 2 1 6 7 
14 6 8 3 5 4 0 2 1 6 7 
13 7 6 3 5 4 7 2 1 6 0 
15 7 8 1 6 7 4 5 3 0 2 
14 8 6 1 6 7 4 5 3 2 0 
15 7 8 1 6 4 0 5 3 7 2 
14 8 6 1 6 4 2 5 3 7 0 
16 8 8 2 3 0 4 1 5 7 6 
16 8 8 1 3 0 4 2 5 7 6 
16 4 12 3 6 7 4 1 0 5 2 
16 5 11 0 6 4 3 1 5 7 2 
14 8 6 2 6 4 3 1 5 7 0 
15 6 9 1 6 4 3 0 5 7 2 
14 8 6 1 6 4 3 2 5 7 0 
15 7 8 1 6 4 3 5 0 7 2 
16 4 12 3 0 6 4 5 1 7 2 
15 5 10 3 1 6 4 5 0 7 2 
15 5 10 3 6 0 4 5 1 7 2 
16 3 13 3 0 5 4 1 7 6 2 
15 4 11 3 7 5 4 1 0 6 2 
16 7 9 4 3 6 7 1 5 0 2 
16 6 10 5 3 6 4 1 7 0 2 
15 7 8 5 3 6 4 1 7 2 0 
16 7 9 1 3 6 2 4 5 7 0 
16 9 7 1 3 6 7 4 5 0 2 
16 5 11 3 5 6 2 4 1 7 0 
16 7 9 3 5 6 7 4 1 0 2 
16 8 8 2 0 3 4 1 5 6 7 
16 8 8 2 3 4 0 1 5 6 7 
15 9 6 2 3 4 7 1 5 6 0 
16 10 6 1 3 0 7 2 5 6 4 
16 10 6 1 3 6 7 2 0 5 4 
16 8 8 1 0 3 4 2 5 6 7 
16 10 6 1 3 4 7 2 5 0 6 
16 8 8 1 7 3 4 5 0 6 2 
15 9 6 1 7 3 4 5 6 0 2 
14 10 4 1 7 3 4 5 6 2 0 
16 8 8 3 5 0 7 2 1 6 4 
16 6 10 3 0 5 4 2 1 6 7 
15 7 8 3 1 5 4 2 0 6 7 
16 8 8 3 5 4 7 2 1 0 6 
16 8 8 1 6 7 4 5 0 3 2 
16 8 8 1 0 4 3 5 6 7 2 
16 8 8 1 6 4 3 5 7 0 2 
15 9 6 1 6 4 3 5 7 2 0 
16 5 11 0 3 6 4 5 1 7 2 
14 8 6 2 3 6 4 5 1 7 0 
16 6 10 3 1 6 4 5 7 0 2 
15 7 8 3 1 6 4 5 7 2 0 
16 6 10 3 6 7 4 5 1 0 2 
15 7 8 3 6 7 4 5 1 2 0 
16 6 10 3 6 4 0 5 1 7 2 
15 7 8 3 6 4 2 5 1 7 0 
16 4 12 0 3 5 4 1 7 6 2 
15 5 10 1 3 5 4 0 7 6 2 
13 7 6 1 3 5 4 2 7 6 0 
14 8 6 1 3 5 0 2 7 6 4 
15 6 9 4 3 5 0 1 7 6 2 
15 7 8 2 3 5 4 1 7 6 0 
15 8 7 1 3 5 0 4 7 6 2 
16 5 11 3 7 5 4 1 6 0 2 
16 8 8 4 3 6 7 1 5 2 0 
16 10 6 1 3 6 7 4 5 2 0 
16 8 8 3 5 6 7 4 1 2 0 
16 9 7 0 2 3 4 1 5 6 7 
15 10 5 1 2 3 4 0 5 6 7 
15 11 4 1 2 3 4 5 0 6 7 
14 12 2 1 2 3 4 5 6 0 7 
13 13 0 1 2 3 4 5 6 7 0 
