0 0 12 3 5 6 4 1 0 7 2 
0 0 12 3 0 6 4 1 5 7 2 
0 0 10 3 6 0 4 1 5 7 2 
0 0 10 3 6 7 4 1 5 0 2 
0 0 8 3 6 7 4 1 5 2 0 
0 0 10 3 6 4 0 1 5 7 2 
0 0 8 3 6 4 2 1 5 7 0 
0 0 10 3 6 7 0 1 5 2 4 
0 0 10 3 6 0 4 1 5 2 7 
0 0 8 3 6 2 4 1 5 0 7 
0 0 6 3 6 2 4 1 5 7 0 
0 0 8 3 6 2 0 1 5 7 4 
0 0 9 0 6 2 4 1 5 7 3 
0 0 7 1 6 2 4 0 5 7 3 
0 0 6 1 6 2 4 3 5 7 0 
0 0 6 1 6 2 4 5 0 7 3 
0 0 6 1 0 2 4 5 6 7 3 
0 0 4 1 2 0 4 5 6 7 3 
0 0 4 1 2 7 4 5 6 0 3 
0 0 2 1 2 7 4 5 6 3 0 
0 0 4 1 2 4 0 5 6 7 3 
0 0 2 1 2 4 3 5 6 7 0 
0 0 4 1 2 7 0 5 6 3 4 
0 0 4 1 2 0 4 5 6 3 7 
0 0 2 1 2 3 4 5 6 0 7 
0 0 0 1 2 3 4 5 6 7 0 
