0 0 13 7 4 3 2 6 5 0 1 
0 0 12 7 4 3 2 6 5 1 0 
0 0 13 0 4 3 2 6 5 1 7 
0 0 10 2 4 3 0 6 5 1 7 
0 0 9 2 4 3 1 6 5 0 7 
0 0 7 2 4 3 1 6 5 7 0 
0 0 9 2 4 3 0 6 5 7 1 
0 0 10 2 4 3 7 6 5 1 0 
0 0 10 2 4 3 1 0 5 7 6 
0 0 8 2 4 3 0 1 5 7 6 
0 0 8 2 4 3 6 1 5 7 0 
0 0 8 2 4 3 7 1 5 0 6 
0 0 6 2 4 3 7 1 5 6 0 
0 0 8 2 4 3 7 1 0 5 6 
0 0 8 2 4 3 0 1 5 6 7 
0 0 8 2 0 3 7 1 4 5 6 
0 0 6 2 3 0 7 1 4 5 6 
0 0 4 2 3 5 7 1 4 0 6 
0 0 2 2 3 5 7 1 4 6 0 
0 0 4 2 3 5 0 1 4 6 7 
0 0 6 2 3 7 0 1 4 5 6 
0 0 6 2 3 5 7 1 0 4 6 
0 0 6 2 3 5 7 0 4 6 1 
0 0 6 2 3 0 7 1 4 6 5 
0 0 6 0 3 5 7 1 4 6 2 
0 0 4 1 3 5 7 0 4 6 2 
0 0 0 1 3 5 7 2 4 6 0 
