9 0 9 1 6 3 5 7 4 2 0 
11 1 10 1 6 3 5 7 4 0 2 
11 2 9 1 6 3 5 0 4 2 7 
12 1 11 1 6 3 0 7 4 2 5 
13 3 10 1 6 3 5 4 0 2 7 
12 4 8 1 6 3 5 4 2 0 7 
13 5 8 1 6 3 0 5 4 2 7 
13 4 9 1 6 3 7 0 4 2 5 
13 5 8 1 6 3 5 4 2 7 0 
14 2 12 1 6 0 5 7 4 3 2 
13 3 10 1 6 5 0 7 4 3 2 
14 2 12 1 6 3 5 7 0 4 2 
14 3 11 0 6 3 5 1 4 2 7 
14 4 10 1 0 3 5 4 6 2 7 
13 5 8 1 3 0 5 4 6 2 7 
12 6 6 1 3 5 0 4 6 2 7 
11 7 4 1 3 5 7 4 6 2 0 
13 8 5 1 3 5 7 4 6 0 2 
14 6 8 1 6 3 7 5 4 2 0 
14 6 8 1 6 3 0 4 2 7 5 
14 4 10 1 6 5 2 7 4 3 0 
14 6 8 1 6 5 7 0 4 3 2 
12 8 4 1 6 5 7 2 4 3 0 
14 6 8 1 3 2 5 4 6 0 7 
14 9 5 1 3 5 7 4 0 6 2 
14 10 4 1 3 5 7 0 4 6 2 
12 12 0 1 3 5 7 2 4 6 0 
