8 0 8 2 7 1 0 4 3 5 6 
8 1 7 2 7 1 6 4 3 5 0 
9 1 8 2 7 0 1 4 3 5 6 
9 2 7 2 7 5 1 4 3 0 6 
8 3 5 2 7 5 1 4 3 6 0 
10 2 8 0 7 1 2 4 3 5 6 
10 3 7 2 7 1 4 0 3 5 6 
10 2 8 2 7 1 6 4 3 0 5 
10 2 8 2 0 7 1 4 3 5 6 
10 3 7 2 7 5 1 4 0 3 6 
10 4 6 2 7 5 0 4 3 6 1 
10 3 7 2 3 7 1 4 0 5 6 
10 3 7 0 2 7 1 4 3 5 6 
10 4 6 2 7 5 1 0 4 3 6 
10 4 6 2 3 7 1 0 4 5 6 
10 5 5 0 7 5 1 2 4 3 6 
10 5 5 0 3 7 1 2 4 5 6 
11 3 8 2 7 1 5 4 3 0 6 
10 4 6 2 7 1 5 4 3 6 0 
11 3 8 2 7 1 6 0 3 5 4 
11 5 6 2 7 5 1 0 3 6 4 
11 3 8 4 7 1 2 0 3 5 6 
11 3 8 7 0 1 2 4 3 5 6 
11 4 7 0 7 1 4 2 3 5 6 
11 5 6 2 7 1 4 6 3 5 0 
11 4 7 2 7 1 4 3 0 5 6 
11 3 8 2 7 0 6 4 3 1 5 
11 3 8 2 7 1 6 4 0 3 5 
11 4 7 2 0 5 1 4 7 3 6 
11 4 7 2 3 7 1 4 5 0 6 
10 5 5 2 3 7 1 4 5 6 0 
11 4 7 4 2 7 1 0 3 5 6 
11 5 6 1 2 7 0 4 3 5 6 
11 6 5 2 7 5 1 6 4 3 0 
11 6 5 2 3 7 1 6 4 5 0 
11 7 4 1 7 5 0 2 4 3 6 
11 6 5 7 0 5 1 2 4 3 6 
11 7 4 1 3 7 0 2 4 5 6 
11 4 7 0 7 1 6 2 3 5 4 
11 6 5 0 7 5 1 2 3 6 4 
11 4 7 7 3 1 2 4 0 5 6 
11 4 7 2 7 1 6 0 4 3 5 
11 6 5 1 2 7 6 4 3 5 0 
11 8 3 1 7 5 6 2 4 3 0 
11 8 3 1 3 7 6 2 4 5 0 
11 8 3 1 3 0 7 2 4 5 6 
11 5 6 7 3 1 2 0 4 5 6 
11 5 6 0 7 1 6 2 4 3 5 
11 9 2 1 3 5 7 2 4 0 6 
10 10 0 1 3 5 7 2 4 6 0 
