14 0 14 0 7 1 2 4 3 6 5 
12 2 10 2 7 1 0 4 3 6 5 
11 3 8 2 7 1 5 4 3 6 0 
14 3 11 5 7 1 2 4 3 6 0 
14 3 11 2 7 0 1 4 3 6 5 
14 4 10 2 7 1 5 4 3 0 6 
15 1 14 4 7 1 2 0 3 6 5 
14 3 11 4 7 1 2 5 3 6 0 
14 4 10 4 7 1 0 2 3 6 5 
13 5 8 4 7 1 5 2 3 6 0 
15 1 14 7 0 1 2 4 3 6 5 
14 2 12 7 3 1 2 4 0 6 5 
14 2 12 7 1 0 2 4 3 6 5 
14 3 11 7 3 1 2 0 4 6 5 
13 6 7 7 3 1 0 2 4 6 5 
12 7 5 7 3 1 5 2 4 6 0 
14 3 11 7 1 2 0 4 3 6 5 
13 4 9 7 1 2 5 4 3 6 0 
15 4 11 5 7 1 0 4 3 6 2 
15 4 11 2 7 6 1 4 3 0 5 
14 5 9 2 7 6 1 4 3 5 0 
15 4 11 2 0 7 1 4 3 6 5 
14 5 9 2 3 7 1 4 0 6 5 
14 6 8 2 3 7 1 0 4 6 5 
15 3 12 7 3 1 2 4 6 0 5 
14 4 10 7 3 1 2 4 6 5 0 
15 3 12 7 1 6 2 4 3 0 5 
14 4 10 7 1 6 2 4 3 5 0 
15 5 10 7 3 1 2 5 4 6 0 
15 7 8 7 3 0 1 2 4 6 5 
15 8 7 0 3 1 7 2 4 6 5 
15 8 7 7 3 1 5 2 4 0 6 
15 6 9 2 3 7 1 4 6 0 5 
14 7 7 2 3 7 1 4 6 5 0 
15 7 8 0 3 7 1 2 4 6 5 
13 9 4 1 3 7 0 2 4 6 5 
12 10 2 1 3 7 5 2 4 6 0 
14 10 4 1 3 0 7 2 4 6 5 
15 8 7 2 3 7 1 5 4 6 0 
15 9 6 2 3 7 0 1 4 6 5 
14 10 4 2 3 7 5 1 4 6 0 
15 5 10 7 3 1 0 4 6 5 2 
15 5 10 7 1 6 0 4 3 5 2 
15 11 4 5 3 1 7 2 4 6 0 
15 10 5 5 3 7 1 2 4 6 0 
15 11 4 1 3 7 5 2 4 0 6 
15 11 4 1 3 6 7 2 4 0 5 
14 12 2 1 3 6 7 2 4 5 0 
16 3 13 3 7 1 2 4 0 6 5 
16 5 11 2 7 1 5 0 3 6 4 
16 5 11 4 7 0 1 2 3 6 5 
16 6 10 4 7 1 5 2 3 0 6 
16 5 11 0 1 2 7 4 3 6 5 
16 5 11 7 1 2 5 4 3 0 6 
16 6 10 7 3 1 0 5 4 6 2 
16 8 8 7 3 6 1 2 4 0 5 
15 9 6 7 3 6 1 2 4 5 0 
16 9 7 2 3 1 7 0 4 6 5 
16 10 6 2 3 0 7 1 4 6 5 
16 4 12 3 7 1 2 0 4 6 5 
15 7 8 3 7 1 0 2 4 6 5 
14 8 6 3 7 1 5 2 4 6 0 
16 6 10 1 0 2 7 4 3 6 5 
15 7 8 1 3 2 7 4 0 6 5 
15 7 8 1 2 0 7 4 3 6 5 
15 8 7 1 3 2 7 0 4 6 5 
16 8 8 5 1 2 7 4 3 6 0 
16 8 8 1 3 2 7 4 6 0 5 
15 9 6 1 3 2 7 4 6 5 0 
16 8 8 1 2 6 7 4 3 0 5 
15 9 6 1 2 6 7 4 3 5 0 
16 8 8 1 2 7 0 4 3 6 5 
15 9 6 1 2 7 5 4 3 6 0 
16 10 6 1 3 2 7 5 4 6 0 
17 5 12 2 7 1 6 4 3 0 5 
16 6 10 2 7 1 6 4 3 5 0 
17 5 12 2 7 1 4 0 3 6 5 
15 7 8 2 7 1 4 5 3 6 0 
17 6 11 2 7 0 5 4 3 6 1 
16 7 9 2 7 5 0 4 3 6 1 
15 8 7 2 7 5 1 4 3 6 0 
17 4 13 5 7 1 2 4 3 0 6 
17 5 12 2 7 0 5 4 3 1 6 
16 6 10 2 7 5 0 4 3 1 6 
17 5 12 2 7 1 5 4 0 3 6 
17 2 15 4 7 1 2 3 0 6 5 
17 4 13 4 7 1 0 5 3 6 2 
17 4 13 4 7 1 2 5 3 0 6 
17 4 13 0 3 1 2 7 4 6 5 
15 6 9 2 3 1 0 7 4 6 5 
14 7 7 2 3 1 5 7 4 6 0 
16 9 7 2 3 1 5 0 4 6 7 
17 10 7 0 3 1 5 2 4 6 7 
17 7 10 7 1 0 5 4 3 6 2 
16 8 8 7 1 5 0 4 3 6 2 
17 5 12 5 7 0 1 4 3 6 2 
17 6 11 2 7 6 0 4 3 5 1 
17 5 12 0 2 7 1 4 3 6 5 
15 7 8 1 2 7 0 4 3 6 5 
14 8 6 1 2 7 5 4 3 6 0 
17 9 8 3 0 1 7 2 4 6 5 
16 10 6 3 1 0 7 2 4 6 5 
17 8 9 2 3 7 0 4 6 5 1 
17 8 9 3 0 7 1 2 4 6 5 
17 13 4 1 3 0 5 2 4 6 7 
16 14 2 1 3 5 0 2 4 6 7 
15 15 0 1 3 5 7 2 4 6 0 
