16 0 16 5 7 0 6 4 1 3 2 
15 1 14 5 0 7 6 4 1 3 2 
14 2 12 0 5 7 6 4 1 3 2 
15 1 14 5 7 6 0 4 1 3 2 
15 2 13 5 1 7 6 4 0 3 2 
14 3 11 5 1 7 6 0 4 3 2 
15 2 13 5 7 6 2 4 1 3 0 
15 3 12 0 7 6 5 4 1 3 2 
16 1 15 5 7 3 6 4 1 0 2 
15 2 13 5 7 3 6 4 1 2 0 
16 3 13 4 5 7 6 0 1 3 2 
16 5 11 1 5 7 6 4 0 3 2 
15 6 9 1 5 7 6 0 4 3 2 
16 3 13 5 1 7 6 4 3 0 2 
16 4 12 0 1 7 6 5 4 3 2 
16 5 11 5 1 7 6 2 4 3 0 
15 6 9 5 1 7 0 2 4 3 6 
15 8 7 0 1 7 5 2 4 3 6 
16 3 13 5 7 3 0 4 1 2 6 
16 7 9 5 1 0 7 2 4 3 6 
16 9 7 1 0 7 5 2 4 3 6 
16 5 11 0 7 3 5 4 1 2 6 
16 8 8 5 1 3 7 2 4 0 6 
16 9 7 5 1 3 7 2 4 6 0 
17 4 13 5 7 6 4 0 1 3 2 
16 6 10 5 7 6 4 2 1 3 0 
17 4 13 5 7 6 2 0 1 3 4 
17 4 13 4 7 6 5 0 1 3 2 
17 4 13 7 0 6 5 4 1 3 2 
17 6 11 1 7 6 5 4 0 3 2 
16 7 9 1 7 6 5 0 4 3 2 
17 2 15 5 7 3 6 4 0 1 2 
16 3 13 5 7 3 6 0 4 1 2 
17 4 13 5 7 3 6 0 1 2 4 
17 4 13 4 5 7 6 1 0 3 2 
17 6 11 1 5 7 6 4 3 0 2 
17 7 10 0 5 7 6 1 4 3 2 
17 8 9 1 5 7 6 2 4 3 0 
16 9 7 1 5 7 0 2 4 3 6 
17 4 13 5 1 7 6 4 3 2 0 
16 5 11 5 1 7 0 4 3 2 6 
16 7 9 0 1 7 5 4 3 2 6 
17 5 12 1 0 7 6 5 4 3 2 
17 7 10 2 1 7 6 5 4 3 0 
17 8 9 0 1 7 6 2 4 3 5 
17 9 8 2 1 7 5 0 4 3 6 
17 6 11 5 7 3 4 0 1 2 6 
16 8 8 5 7 3 4 6 1 2 0 
17 8 9 5 0 1 7 2 4 3 6 
16 9 7 0 5 1 7 2 4 3 6 
17 9 8 5 1 3 7 2 0 4 6 
17 10 7 5 1 3 0 2 4 6 7 
17 12 5 0 1 3 7 2 4 6 5 
17 5 12 5 7 6 4 1 0 3 2 
17 5 12 5 7 6 2 1 0 3 4 
17 5 12 7 1 6 5 4 0 3 2 
16 6 10 7 1 6 5 0 4 3 2 
17 5 12 5 7 3 6 1 0 2 4 
16 6 10 5 7 3 6 1 2 0 4 
17 7 10 5 7 3 0 6 1 2 4 
17 10 7 1 5 0 7 2 4 3 6 
16 11 5 1 0 5 7 2 4 3 6 
17 6 11 5 1 0 7 4 3 2 6 
17 8 9 1 0 7 5 4 3 2 6 
17 7 10 5 7 3 4 1 0 2 6 
16 8 8 5 7 3 4 1 2 0 6 
15 9 6 5 7 3 4 1 2 6 0 
17 12 5 0 1 3 5 2 4 6 7 
17 7 10 5 7 3 6 1 2 4 0 
17 11 6 1 5 3 7 2 4 0 6 
17 12 5 0 1 5 7 2 4 3 6 
17 9 8 1 3 7 5 4 0 2 6 
16 10 6 1 3 7 5 0 4 2 6 
17 12 5 1 5 3 7 2 4 6 0 
18 4 14 6 5 7 0 4 1 3 2 
18 5 13 2 5 7 6 4 1 3 0 
17 6 11 2 5 7 0 4 1 3 6 
18 6 12 5 0 7 6 1 4 3 2 
18 6 12 5 1 7 0 6 4 3 2 
17 7 10 5 1 7 2 6 4 3 0 
18 3 15 5 7 6 2 4 1 0 3 
18 5 13 0 7 3 6 4 1 2 5 
18 5 13 4 5 7 6 2 1 3 0 
17 6 11 4 5 7 0 2 1 3 6 
18 6 12 1 0 7 6 4 5 3 2 
18 4 14 5 1 0 6 4 3 7 2 
17 5 12 5 1 6 0 4 3 7 2 
17 6 11 5 1 6 2 4 3 7 0 
17 7 10 0 1 6 5 4 3 7 2 
18 6 12 6 1 7 0 5 4 3 2 
17 7 10 6 1 7 2 5 4 3 0 
18 6 12 5 1 7 6 2 4 0 3 
18 10 8 1 4 7 5 2 0 3 6 
18 6 12 4 7 3 5 0 1 2 6 
18 6 12 7 0 3 5 4 1 2 6 
18 8 10 1 7 3 5 4 0 2 6 
17 9 8 1 7 3 5 0 4 2 6 
18 11 7 5 1 3 7 0 4 6 2 
18 5 13 0 7 6 4 5 1 3 2 
16 8 8 2 7 6 4 5 1 3 0 
18 5 13 0 7 6 2 5 1 3 4 
17 7 10 2 7 6 0 5 1 3 4 
18 5 13 4 7 6 5 1 0 3 2 
18 7 11 1 7 6 5 4 3 0 2 
18 8 10 0 7 6 5 1 4 3 2 
18 9 9 1 7 6 5 2 4 3 0 
18 4 14 0 7 3 6 5 4 1 2 
18 5 13 5 7 3 6 2 4 1 0 
17 6 11 5 7 3 0 2 4 1 6 
17 8 9 0 7 3 5 2 4 1 6 
18 5 13 0 7 3 6 5 1 2 4 
17 7 10 6 7 3 0 5 1 2 4 
16 8 8 6 7 3 4 5 1 2 0 
18 5 13 4 5 7 6 1 3 0 2 
18 7 11 1 5 7 6 4 3 2 0 
17 8 9 1 5 7 0 4 3 2 6 
18 6 12 5 1 7 6 0 3 2 4 
18 7 11 0 1 7 6 4 3 2 5 
18 8 10 4 1 7 5 0 3 2 6 
18 6 12 1 4 7 6 5 0 3 2 
18 8 10 2 1 7 0 5 4 3 6 
18 9 9 1 0 7 6 2 4 3 5 
18 7 11 0 7 3 4 5 1 2 6 
18 10 8 2 5 1 7 0 4 3 6 
18 10 8 5 1 3 7 0 2 4 6 
18 13 5 1 0 3 7 2 4 6 5 
18 6 12 5 0 6 4 1 7 3 2 
17 7 10 5 6 0 4 1 7 3 2 
16 8 8 5 6 3 4 1 7 0 2 
15 9 6 5 6 3 4 1 7 2 0 
17 9 8 5 6 3 4 1 0 7 2 
18 6 12 5 7 6 4 1 3 0 2 
17 7 10 5 7 6 4 1 3 2 0 
18 6 12 5 0 6 2 1 7 3 4 
17 7 10 5 6 0 2 1 7 3 4 
16 8 8 5 6 3 2 1 7 0 4 
16 8 8 5 6 2 0 1 7 3 4 
15 9 6 5 6 2 4 1 7 3 0 
17 9 8 5 6 3 2 1 0 7 4 
17 9 8 5 6 3 2 1 7 4 0 
18 6 12 5 7 6 2 1 3 0 4 
18 6 12 7 1 6 5 4 3 0 2 
18 7 11 0 1 6 5 7 4 3 2 
18 8 10 7 1 6 5 2 4 3 0 
18 6 12 5 0 3 6 1 7 2 4 
18 12 6 1 4 5 7 2 0 3 6 
18 7 11 5 0 1 7 4 3 2 6 
17 8 9 0 5 1 7 4 3 2 6 
18 8 10 5 0 3 4 1 7 2 6 
18 10 8 5 7 3 0 1 2 6 4 
18 13 5 1 0 3 5 2 4 6 7 
18 8 10 5 7 3 0 1 2 4 6 
18 12 6 1 5 3 7 2 0 4 6 
18 10 8 1 3 7 5 4 2 0 6 
18 11 7 0 3 7 5 1 4 2 6 
18 13 5 1 5 3 0 2 4 6 7 
18 5 13 6 5 7 2 4 1 3 0 
18 7 11 2 5 0 7 4 1 3 6 
17 8 9 2 0 5 7 4 1 3 6 
17 9 8 2 1 5 7 4 0 3 6 
16 10 6 2 1 5 7 0 4 3 6 
16 11 5 0 1 5 7 2 4 3 6 
18 8 10 0 1 7 5 6 4 3 2 
18 7 11 4 5 0 7 2 1 3 6 
17 8 9 4 0 5 7 2 1 3 6 
16 9 7 0 4 5 7 2 1 3 6 
17 9 8 4 1 5 7 2 0 3 6 
18 8 10 1 0 6 5 4 3 7 2 
18 7 11 7 1 3 5 4 0 2 6 
17 8 9 7 1 3 5 0 4 2 6 
18 8 10 1 7 6 4 5 0 3 2 
18 8 10 1 7 6 2 5 0 3 4 
18 8 10 1 7 0 5 4 3 6 2 
17 9 8 1 0 7 5 4 3 6 2 
17 9 8 1 7 5 0 4 3 6 2 
17 10 7 1 3 7 5 4 0 6 2 
16 11 5 1 3 7 5 0 4 6 2 
18 8 10 1 7 3 6 5 0 2 4 
17 9 8 1 7 3 6 5 2 0 4 
18 9 9 1 5 0 7 4 3 2 6 
17 10 7 1 0 5 7 4 3 2 6 
17 11 6 1 3 5 7 4 0 2 6 
16 12 4 1 3 5 7 0 4 2 6 
18 7 11 1 4 7 6 0 5 3 2 
18 10 8 1 7 3 4 5 0 2 6 
17 11 6 1 7 3 4 5 2 0 6 
16 12 4 1 7 3 4 5 2 6 0 
18 8 10 5 6 4 0 1 7 3 2 
17 9 8 5 6 4 2 1 7 3 0 
18 10 8 5 6 3 0 1 7 2 4 
18 10 8 5 0 3 4 1 6 7 2 
18 10 8 5 6 2 4 1 7 0 3 
18 10 8 5 0 3 2 1 6 7 4 
18 7 11 7 1 0 5 4 3 6 2 
17 8 9 7 1 5 0 4 3 6 2 
16 10 6 0 1 5 7 4 3 6 2 
17 11 6 1 0 5 7 4 3 6 2 
17 12 5 1 3 5 7 4 0 6 2 
16 13 3 1 3 5 7 0 4 6 2 
18 11 7 0 1 6 5 2 4 3 7 
18 8 10 5 3 1 7 4 0 2 6 
17 9 8 5 3 1 7 0 4 2 6 
18 11 7 1 3 7 5 4 2 6 0 
18 8 10 2 5 3 7 4 1 0 6 
18 9 9 0 2 5 7 4 1 3 6 
18 10 8 2 1 5 7 4 3 0 6 
18 8 10 4 5 3 7 2 1 0 6 
18 10 8 2 4 5 7 0 1 3 6 
18 10 8 4 1 5 7 0 2 3 6 
18 10 8 4 1 5 7 2 3 0 6 
18 9 9 1 3 6 5 4 0 7 2 
17 10 7 1 3 6 5 0 4 7 2 
18 10 8 0 1 7 5 4 3 6 2 
18 12 6 0 3 7 5 1 4 6 2 
18 13 5 1 3 7 5 2 4 6 0 
18 10 8 1 7 3 6 5 2 4 0 
18 11 7 0 1 5 7 4 3 2 6 
18 12 6 1 3 5 7 4 2 0 6 
18 13 5 0 3 5 7 1 4 2 6 
18 11 7 4 1 5 7 0 3 6 2 
18 14 4 0 3 5 7 1 4 6 2 
18 15 3 1 3 5 7 2 4 6 0 
