16 0 16 9 2 3 8 4 6 0 7 1 5 
15 1 14 9 2 3 8 4 6 7 0 1 5 
14 2 12 9 2 3 8 4 6 7 1 0 5 
15 3 12 9 2 3 0 4 6 7 1 8 5 
14 4 10 9 2 3 4 0 6 7 1 8 5 
13 5 8 9 2 3 4 5 6 7 1 8 0 
15 3 12 9 2 3 8 4 6 7 1 5 0 
16 6 10 0 2 3 4 9 6 7 1 8 5 
16 6 10 9 2 3 4 5 6 7 1 0 8 
16 8 8 0 2 3 4 5 6 7 1 8 9 
17 1 16 9 2 3 8 4 0 6 7 1 5 
17 7 10 6 2 3 4 9 0 7 1 8 5 
17 9 8 5 2 3 4 9 6 7 1 8 0 
17 9 8 6 2 3 4 5 0 7 1 8 9 
18 2 16 9 2 0 8 4 6 7 3 1 5 
17 3 14 9 2 8 0 4 6 7 3 1 5 
16 4 12 9 2 8 1 4 6 7 3 0 5 
16 4 12 9 2 8 4 0 6 7 3 1 5 
15 5 10 9 2 8 4 5 6 7 3 1 0 
16 6 10 9 2 8 4 5 6 7 3 0 1 
17 5 12 9 2 8 1 4 6 7 3 5 0 
17 7 10 9 2 8 4 1 6 7 3 0 5 
18 4 14 9 2 0 3 4 6 7 1 8 5 
17 5 12 9 2 1 3 4 6 7 0 8 5 
16 6 10 9 2 1 3 4 6 7 8 0 5 
17 7 10 9 2 1 3 4 6 7 8 5 0 
18 4 14 9 2 3 8 0 6 7 1 5 4 
18 6 12 0 2 3 8 4 6 7 1 5 9 
18 10 8 5 2 3 4 0 6 7 1 8 9 
18 2 16 0 2 3 8 4 9 6 7 1 5 
18 6 12 0 2 8 4 9 6 7 3 1 5 
18 8 10 0 2 8 4 5 6 7 3 1 9 
18 8 10 9 2 8 4 1 6 7 3 5 0 
19 1 18 9 0 3 8 4 6 2 7 1 5 
18 2 16 0 9 3 8 4 6 2 7 1 5 
19 7 12 9 2 3 4 8 6 7 1 0 5 
19 7 12 9 2 3 4 5 0 7 1 8 6 
19 7 12 2 0 3 4 9 6 7 1 8 5 
19 7 12 9 2 3 0 5 6 7 1 4 8 
19 7 12 9 2 3 4 5 6 7 0 1 8 
19 9 10 2 0 3 4 5 6 7 1 8 9 
19 3 16 9 2 3 8 4 5 6 7 1 0 
19 9 10 6 2 3 4 9 5 7 1 8 0 
19 11 8 6 2 3 4 5 9 7 1 8 0 
19 5 14 9 2 8 1 4 6 7 0 3 5 
19 7 12 9 2 8 0 5 6 7 3 4 1 
19 7 12 9 2 8 4 5 6 7 0 3 1 
19 7 12 9 2 1 0 4 6 7 8 3 5 
18 8 10 9 2 1 4 0 6 7 8 3 5 
17 9 8 9 2 1 4 5 6 7 8 3 0 
19 7 12 9 2 3 8 5 6 7 1 0 4 
18 8 10 9 2 3 8 5 6 7 1 4 0 
19 7 12 6 2 3 8 4 0 7 1 5 9 
19 5 14 5 2 3 8 4 9 6 7 1 0 
19 7 12 6 2 8 4 9 0 7 3 1 5 
19 9 10 5 2 8 4 9 6 7 3 1 0 
19 9 10 6 2 8 4 5 0 7 3 1 9 
19 3 16 6 9 3 8 4 0 2 7 1 5 
19 5 14 5 9 3 8 4 6 2 7 1 0 
20 8 12 9 2 3 0 5 6 7 1 8 4 
20 6 14 9 2 3 0 4 6 7 1 5 8 
19 7 12 9 2 3 5 4 6 7 1 0 8 
18 8 10 9 2 3 5 4 6 7 1 8 0 
19 7 12 9 2 3 4 0 6 7 1 5 8 
20 8 12 6 2 3 4 9 7 0 1 8 5 
19 9 10 6 2 3 4 9 7 1 0 8 5 
18 10 8 6 2 3 4 9 7 1 8 0 5 
19 11 8 6 2 3 4 9 7 1 8 5 0 
20 10 10 6 2 3 4 0 9 7 1 8 5 
20 10 10 5 2 3 4 9 6 7 1 0 8 
20 10 10 6 2 3 4 5 7 0 1 8 9 
19 11 8 6 2 3 4 5 7 1 0 8 9 
18 12 6 6 2 3 4 5 7 1 8 0 9 
17 13 4 6 2 3 4 5 7 1 8 9 0 
20 6 14 9 2 8 1 0 6 7 3 5 4 
20 8 12 0 2 8 1 4 6 7 3 5 9 
20 8 12 9 2 8 0 1 6 7 3 4 5 
20 8 12 9 2 8 4 1 6 7 0 3 5 
20 6 14 9 2 1 3 4 6 0 7 8 5 
20 8 12 9 2 1 3 0 6 7 8 5 4 
20 10 10 0 2 1 3 4 6 7 8 5 9 
20 6 14 0 2 3 8 9 6 7 1 5 4 
20 8 12 4 2 3 8 0 6 7 1 5 9 
20 4 16 4 2 3 8 0 9 6 7 1 5 
19 5 14 4 2 3 8 5 9 6 7 1 0 
20 10 10 5 2 8 4 0 6 7 3 1 9 
20 2 18 9 3 0 8 4 6 2 7 1 5 
19 3 16 9 3 8 0 4 6 2 7 1 5 
18 4 14 9 3 8 1 4 6 2 7 0 5 
18 4 14 9 3 8 4 0 6 2 7 1 5 
17 5 12 9 3 8 4 5 6 2 7 1 0 
18 6 12 9 3 8 4 5 6 2 7 0 1 
19 5 14 9 3 8 1 4 6 2 7 5 0 
19 7 12 9 3 8 4 1 6 2 7 0 5 
20 4 16 4 9 3 8 0 6 2 7 1 5 
19 5 14 4 9 3 8 5 6 2 7 1 0 
20 8 12 9 2 3 4 8 6 7 1 5 0 
20 8 12 0 2 3 4 5 9 7 1 8 6 
20 8 12 2 7 3 4 9 6 0 1 8 5 
19 9 10 2 7 3 4 9 6 1 0 8 5 
18 10 8 2 7 3 4 9 6 1 8 0 5 
19 11 8 2 7 3 4 9 6 1 8 5 0 
20 8 12 2 3 0 4 9 6 7 1 8 5 
19 9 10 2 3 1 4 9 6 7 0 8 5 
18 10 8 2 3 1 4 9 6 7 8 0 5 
19 11 8 2 3 1 4 9 6 7 8 5 0 
20 8 12 9 2 3 5 0 6 7 1 4 8 
20 10 10 2 7 3 4 5 6 0 1 8 9 
19 11 8 2 7 3 4 5 6 1 0 8 9 
18 12 6 2 7 3 4 5 6 1 8 0 9 
17 13 4 2 7 3 4 5 6 1 8 9 0 
20 10 10 2 3 0 4 5 6 7 1 8 9 
19 11 8 2 3 1 4 5 6 7 0 8 9 
18 12 6 2 3 1 4 5 6 7 8 0 9 
17 13 4 2 3 1 4 5 6 7 8 9 0 
20 4 16 9 2 3 8 4 5 6 7 0 1 
20 10 10 6 2 3 4 0 5 7 1 8 9 
20 6 14 9 2 0 1 4 6 7 8 3 5 
20 8 12 9 2 8 5 0 6 7 3 4 1 
19 9 10 9 2 8 5 1 6 7 3 4 0 
20 8 12 9 2 0 4 5 6 7 8 3 1 
20 10 10 0 2 1 4 9 6 7 8 3 5 
20 10 10 9 2 1 4 5 6 7 8 0 3 
20 12 8 0 2 1 4 5 6 7 8 3 9 
20 6 14 5 2 3 8 4 9 6 7 0 1 
20 10 10 5 2 8 4 9 6 7 3 0 1 
20 6 14 5 9 3 8 4 6 2 7 0 1 
20 12 8 6 2 3 4 0 7 1 8 5 9 
20 14 6 6 2 3 4 0 7 1 8 9 5 
20 6 14 4 2 3 8 5 9 6 7 0 1 
20 6 14 0 3 8 4 9 6 2 7 1 5 
20 8 12 0 3 8 4 5 6 2 7 1 9 
20 8 12 9 3 8 4 1 6 2 7 5 0 
20 6 14 4 9 3 8 5 6 2 7 0 1 
20 12 8 2 7 3 4 0 6 1 8 5 9 
20 12 8 2 3 1 4 0 6 7 8 5 9 
20 14 6 2 7 3 4 0 6 1 8 9 5 
20 14 6 2 3 1 4 0 6 7 8 9 5 
21 7 14 9 2 3 4 6 0 7 1 8 5 
21 5 16 9 2 3 8 4 0 7 1 5 6 
21 9 12 7 2 3 4 9 6 0 1 8 5 
20 10 10 7 2 3 4 9 6 1 0 8 5 
19 11 8 7 2 3 4 9 6 1 8 0 5 
20 12 8 7 2 3 4 9 6 1 8 5 0 
21 11 10 7 2 3 4 5 6 0 1 8 9 
20 12 8 7 2 3 4 5 6 1 0 8 9 
19 13 6 7 2 3 4 5 6 1 8 0 9 
18 14 4 7 2 3 4 5 6 1 8 9 0 
21 3 18 9 0 2 8 4 6 7 3 1 5 
20 4 16 0 9 2 8 4 6 7 3 1 5 
21 7 14 9 2 8 4 5 0 7 3 1 6 
21 5 16 9 0 2 3 4 6 7 1 8 5 
20 6 14 0 9 2 3 4 6 7 1 8 5 
21 5 16 9 2 3 0 8 6 7 1 5 4 
20 6 14 9 2 3 5 8 6 7 1 0 4 
19 7 12 9 2 3 5 8 6 7 1 4 0 
21 7 14 2 0 3 8 4 6 7 1 5 9 
21 11 10 5 2 3 0 4 6 7 1 8 9 
21 3 18 2 0 3 8 4 9 6 7 1 5 
21 5 16 6 2 3 8 4 9 0 7 1 5 
20 6 14 6 2 3 8 4 0 9 7 1 5 
20 6 14 6 2 3 8 4 9 7 0 1 5 
19 7 12 6 2 3 8 4 9 7 1 0 5 
20 8 12 6 2 3 0 4 9 7 1 8 5 
19 9 10 6 2 3 4 0 9 7 1 8 5 
18 10 8 6 2 3 4 5 9 7 1 8 0 
20 8 12 6 2 3 8 4 9 7 1 5 0 
21 7 14 2 0 8 4 9 6 7 3 1 5 
21 9 12 2 0 8 4 5 6 7 3 1 9 
21 9 12 9 2 8 4 0 6 7 3 5 1 
21 11 10 0 2 8 4 1 6 7 3 5 9 
19 13 6 1 2 8 4 0 6 7 3 5 9 
20 14 6 1 2 8 4 9 6 7 3 5 0 
20 16 4 1 2 8 4 5 6 7 3 0 9 
19 17 2 1 2 8 4 5 6 7 3 9 0 
21 5 16 2 9 3 8 4 6 0 7 1 5 
20 6 14 2 9 3 8 4 6 7 0 1 5 
19 7 12 2 9 3 8 4 6 7 1 0 5 
20 8 12 2 9 3 0 4 6 7 1 8 5 
19 9 10 2 9 3 4 0 6 7 1 8 5 
18 10 8 2 9 3 4 5 6 7 1 8 0 
20 8 12 2 9 3 8 4 6 7 1 5 0 
21 11 10 9 2 1 4 3 6 7 8 0 5 
21 9 12 9 2 3 8 0 6 7 1 4 5 
21 11 10 0 2 3 8 5 6 7 1 4 9 
21 7 14 5 2 3 8 4 0 6 7 1 9 
21 9 12 6 2 8 4 9 5 7 3 1 0 
21 11 10 6 2 8 4 5 9 7 3 1 0 
21 5 16 6 9 3 8 4 5 2 7 1 0 
21 9 12 9 2 3 5 0 6 7 1 8 4 
21 11 10 0 2 3 5 4 6 7 1 8 9 
21 9 12 0 2 3 4 9 6 7 1 5 8 
21 11 10 6 2 3 0 9 7 1 8 4 5 
20 12 8 6 2 3 9 0 7 1 8 4 5 
19 13 6 6 2 3 9 5 7 1 8 4 0 
21 13 8 6 2 3 0 5 7 1 8 4 9 
21 7 14 9 2 8 0 1 6 7 3 5 4 
20 8 12 9 2 8 5 1 6 7 3 0 4 
21 9 12 9 2 8 1 5 6 7 3 0 4 
20 10 10 9 2 8 1 5 6 7 3 4 0 
21 9 12 6 2 8 1 4 0 7 3 5 9 
21 9 12 9 2 8 1 0 6 7 3 4 5 
21 9 12 9 2 0 4 1 6 7 8 3 5 
21 7 14 9 2 1 3 4 0 6 7 8 5 
21 11 10 9 2 1 3 5 6 7 8 0 4 
20 12 8 9 2 1 3 5 6 7 8 4 0 
21 11 10 6 2 1 3 4 0 7 8 5 9 
21 7 14 6 2 3 8 9 0 7 1 5 4 
21 9 12 4 2 3 8 9 6 7 1 5 0 
21 11 10 4 2 3 8 5 6 7 1 0 9 
20 12 8 4 2 3 8 5 6 7 1 9 0 
21 7 14 4 2 3 8 1 9 6 7 0 5 
21 7 14 4 2 3 8 5 0 6 7 1 9 
21 13 8 5 2 8 4 1 6 7 3 0 9 
20 14 6 5 2 8 4 1 6 7 3 9 0 
21 3 18 9 3 7 8 4 6 2 0 1 5 
20 4 16 9 3 7 8 4 6 2 1 0 5 
21 5 16 9 3 8 1 4 6 2 0 7 5 
21 7 14 9 3 8 0 5 6 2 7 4 1 
21 7 14 9 3 8 4 5 6 2 0 7 1 
21 7 14 4 9 3 8 1 6 2 7 0 5 
21 9 12 2 7 3 4 9 0 6 1 8 5 
21 11 10 2 7 3 0 9 6 1 8 4 5 
20 12 8 2 7 3 9 0 6 1 8 4 5 
19 13 6 2 7 3 9 5 6 1 8 4 0 
21 9 12 2 3 4 0 9 6 7 1 8 5 
20 10 10 2 3 4 9 0 6 7 1 8 5 
19 11 8 2 3 4 9 5 6 7 1 8 0 
21 11 10 2 3 1 0 9 6 7 8 4 5 
20 12 8 2 3 1 9 0 6 7 8 4 5 
19 13 6 2 3 1 9 5 6 7 8 4 0 
21 11 10 2 7 3 4 5 0 6 1 8 9 
21 13 8 2 7 3 0 5 6 1 8 4 9 
21 11 10 2 3 4 0 5 6 7 1 8 9 
21 13 8 2 3 1 0 5 6 7 8 4 9 
21 5 16 9 2 3 0 4 5 6 7 8 1 
20 6 14 9 2 3 4 0 5 6 7 8 1 
19 7 12 9 2 3 4 1 5 6 7 8 0 
21 9 12 9 2 4 0 5 6 7 8 3 1 
20 10 10 9 2 4 3 5 6 7 8 0 1 
21 11 10 6 2 1 4 9 0 7 8 3 5 
21 13 8 5 2 1 4 9 6 7 8 3 0 
21 13 8 6 2 1 4 5 0 7 8 3 9 
21 7 14 5 2 3 0 4 9 6 7 8 1 
20 8 12 5 2 3 4 0 9 6 7 8 1 
19 9 10 5 2 3 4 1 9 6 7 8 0 
21 7 14 5 9 3 0 4 6 2 7 8 1 
20 8 12 5 9 3 4 0 6 2 7 8 1 
19 9 10 5 9 3 4 1 6 2 7 8 0 
21 7 14 4 2 3 0 5 9 6 7 8 1 
21 7 14 6 3 8 4 9 0 2 7 1 5 
21 9 12 5 3 8 4 9 6 2 7 1 0 
21 9 12 6 3 8 4 5 0 2 7 1 9 
21 7 14 4 9 3 0 5 6 2 7 8 1 
21 13 8 7 2 3 4 0 6 1 8 5 9 
21 15 6 7 2 3 4 0 6 1 8 9 5 
21 5 16 6 9 2 8 4 0 7 3 1 5 
21 7 14 5 9 2 8 4 6 7 3 1 0 
21 7 14 6 9 2 3 4 0 7 1 8 5 
21 9 12 5 9 2 3 4 6 7 1 8 0 
21 7 14 0 2 3 8 4 6 9 7 1 5 
21 11 10 6 2 3 4 5 9 7 1 0 8 
21 15 6 1 2 8 4 9 6 7 3 0 5 
21 11 10 2 9 3 4 5 6 7 1 0 8 
21 5 16 9 3 7 0 4 6 2 1 8 5 
20 6 14 9 3 7 4 0 6 2 1 8 5 
19 7 12 9 3 7 4 5 6 2 1 8 0 
21 5 16 9 3 7 8 4 6 2 1 5 0 
21 9 12 9 2 3 4 5 0 6 7 8 1 
19 11 8 9 2 3 4 5 1 6 7 8 0 
21 9 12 9 2 3 4 1 0 6 7 8 5 
21 11 10 9 2 4 3 5 6 7 8 1 0 
21 11 10 5 2 3 4 1 0 6 7 8 9 
22 4 18 9 2 3 8 0 4 6 7 1 5 
21 5 16 9 2 3 8 5 4 6 7 1 0 
22 8 14 9 2 8 0 5 6 7 3 1 4 
22 8 14 9 2 8 0 4 6 7 3 5 1 
21 9 12 9 2 8 5 4 6 7 3 0 1 
22 8 14 9 2 3 0 8 6 7 1 4 5 
22 8 14 9 2 3 4 8 6 7 0 1 5 
22 8 14 9 2 3 4 5 7 0 1 8 6 
21 9 12 9 2 3 4 5 7 1 0 8 6 
20 10 10 9 2 3 4 5 7 1 8 0 6 
21 11 10 9 2 3 4 5 7 1 8 6 0 
22 8 14 9 2 0 3 5 6 7 1 4 8 
21 9 12 9 2 1 3 5 6 7 0 4 8 
22 8 14 9 2 0 4 5 6 7 3 1 8 
22 8 14 9 2 3 4 5 6 0 7 1 8 
22 4 18 9 2 3 8 0 5 6 7 1 4 
22 6 16 0 2 3 8 4 5 6 7 1 9 
22 10 12 6 2 3 4 9 5 7 1 0 8 
22 6 16 9 2 8 1 4 6 0 7 3 5 
22 8 14 9 2 0 8 5 6 7 3 4 1 
21 9 12 9 2 3 8 5 6 7 0 4 1 
22 8 14 9 2 8 4 5 6 0 7 3 1 
22 8 14 9 2 3 8 5 6 7 0 1 4 
22 8 14 6 2 3 8 4 7 0 1 5 9 
21 9 12 6 2 3 8 4 7 1 0 5 9 
22 6 16 5 2 3 8 0 9 6 7 1 4 
22 8 14 6 2 8 4 9 7 0 3 1 5 
22 10 12 6 2 8 4 0 9 7 3 1 5 
22 10 12 6 2 8 4 5 7 0 3 1 9 
22 4 18 6 9 3 8 4 2 0 7 1 5 
21 5 16 6 9 3 8 4 2 7 0 1 5 
20 6 14 6 9 3 8 4 2 7 1 0 5 
21 7 14 6 9 3 0 4 2 7 1 8 5 
20 8 12 6 9 3 4 0 2 7 1 8 5 
19 9 10 6 9 3 4 5 2 7 1 8 0 
21 7 14 6 9 3 8 4 2 7 1 5 0 
22 6 16 5 9 3 8 0 6 2 7 1 4 
22 8 14 9 2 3 5 4 6 7 0 1 8 
22 10 12 6 2 0 4 9 7 1 3 8 5 
22 12 10 6 2 0 4 5 7 1 3 8 9 
22 8 14 0 2 8 1 9 6 7 3 5 4 
22 10 12 4 2 8 1 0 6 7 3 5 9 
22 10 12 0 2 1 3 9 6 7 8 5 4 
22 12 10 4 2 1 3 0 6 7 8 5 9 
22 6 16 9 3 8 1 0 6 2 7 5 4 
22 8 14 0 3 8 1 4 6 2 7 5 9 
22 8 14 9 3 8 0 1 6 2 7 4 5 
22 8 14 9 3 8 4 1 6 2 0 7 5 
22 10 12 5 2 3 4 0 9 7 1 8 6 
22 10 12 2 7 0 4 9 6 1 3 8 5 
22 10 12 2 3 1 4 9 6 0 7 8 5 
22 10 12 0 2 3 5 9 6 7 1 4 8 
22 12 10 2 7 0 4 5 6 1 3 8 9 
22 12 10 2 3 1 4 5 6 0 7 8 9 
22 10 12 0 2 8 5 9 6 7 3 4 1 
19 13 6 1 2 8 5 9 6 7 3 4 0 
20 14 6 1 2 8 5 0 6 7 3 4 9 
21 15 6 1 2 8 0 5 6 7 3 4 9 
22 12 10 0 2 8 5 1 6 7 3 4 9 
22 14 8 5 2 1 4 0 6 7 8 3 9 
22 10 12 5 3 8 4 0 6 2 7 1 9 
22 8 14 0 2 3 4 6 9 7 1 8 5 
22 6 16 0 2 3 8 4 9 7 1 5 6 
22 10 12 7 2 3 4 9 0 6 1 8 5 
22 12 10 7 2 3 0 9 6 1 8 4 5 
21 13 8 7 2 3 9 0 6 1 8 4 5 
20 14 6 7 2 3 9 5 6 1 8 4 0 
22 12 10 7 2 3 4 5 0 6 1 8 9 
22 14 8 7 2 3 0 5 6 1 8 4 9 
22 4 18 9 7 2 8 4 6 0 3 1 5 
22 6 16 4 9 2 8 0 6 7 3 1 5 
21 7 14 4 9 2 8 5 6 7 3 1 0 
22 8 14 0 2 8 4 5 9 7 3 1 6 
22 6 16 9 7 2 3 4 6 0 1 8 5 
21 7 14 9 7 2 3 4 6 1 0 8 5 
20 8 12 9 7 2 3 4 6 1 8 0 5 
21 9 12 9 7 2 3 4 6 1 8 5 0 
22 8 14 4 9 2 3 0 6 7 1 8 5 
21 9 12 4 9 2 3 5 6 7 1 8 0 
22 10 12 0 2 3 5 8 6 7 1 4 9 
22 8 14 2 7 3 8 4 6 0 1 5 9 
21 9 12 2 7 3 8 4 6 1 0 5 9 
22 8 14 2 3 0 8 4 6 7 1 5 9 
21 9 12 2 3 1 8 4 6 7 0 5 9 
21 9 12 2 3 8 0 4 6 7 1 5 9 
20 10 10 2 3 8 5 4 6 7 1 0 9 
19 11 8 2 3 8 5 4 6 7 1 9 0 
20 10 10 2 3 8 4 0 6 7 1 5 9 
21 11 10 2 3 8 4 9 6 7 1 5 0 
21 13 8 2 3 8 4 5 6 7 1 0 9 
20 14 6 2 3 8 4 5 6 7 1 9 0 
22 12 10 5 2 3 8 4 6 7 1 0 9 
21 13 8 5 2 3 8 4 6 7 1 9 0 
22 4 18 2 6 3 8 4 9 0 7 1 5 
21 5 16 2 6 3 8 4 0 9 7 1 5 
21 5 16 2 6 3 8 4 9 7 0 1 5 
20 6 14 2 6 3 8 4 9 7 1 0 5 
21 7 14 2 6 3 0 4 9 7 1 8 5 
20 8 12 2 6 3 4 0 9 7 1 8 5 
19 9 10 2 6 3 4 5 9 7 1 8 0 
21 7 14 2 6 3 8 4 9 7 1 5 0 
21 11 10 2 6 3 4 5 0 7 1 8 9 
22 4 18 2 3 0 8 4 9 6 7 1 5 
21 5 16 2 3 8 0 4 9 6 7 1 5 
20 6 14 2 3 8 1 4 9 6 7 0 5 
20 6 14 2 3 8 4 0 9 6 7 1 5 
19 7 12 2 3 8 4 5 9 6 7 1 0 
20 8 12 2 3 8 4 5 9 6 7 0 1 
21 7 14 2 3 8 1 4 9 6 7 5 0 
21 9 12 2 3 8 4 1 9 6 7 0 5 
21 9 12 2 3 8 4 5 0 6 7 1 9 
22 8 14 6 2 3 8 4 5 9 7 1 0 
22 8 14 2 7 8 4 9 6 0 3 1 5 
22 8 14 2 8 0 4 9 6 7 3 1 5 
21 9 12 2 8 3 4 9 6 7 0 1 5 
20 10 10 2 8 3 4 9 6 7 1 0 5 
21 11 10 2 8 3 4 9 6 7 1 5 0 
22 10 12 2 7 8 4 5 6 0 3 1 9 
22 10 12 2 8 0 4 5 6 7 3 1 9 
21 11 10 2 8 3 4 5 6 7 0 1 9 
20 12 8 2 8 3 4 5 6 7 1 0 9 
19 13 6 2 8 3 4 5 6 7 1 9 0 
22 12 10 6 2 8 4 1 0 7 3 5 9 
22 14 8 1 2 8 0 4 6 7 3 5 9 
21 15 6 1 2 8 5 4 6 7 3 0 9 
20 16 4 1 2 8 5 4 6 7 3 9 0 
22 18 4 1 2 8 4 0 6 7 3 9 5 
22 6 16 2 0 3 8 4 6 9 7 1 5 
22 6 16 2 9 3 8 4 0 6 7 1 5 
22 12 10 9 2 1 4 3 6 7 8 5 0 
22 12 10 6 2 3 8 5 0 7 1 4 9 
22 8 14 5 2 3 8 4 6 0 7 1 9 
21 9 12 5 2 3 8 4 6 7 0 1 9 
20 10 10 5 2 3 8 4 6 7 1 0 9 
19 11 8 5 2 3 8 4 6 7 1 9 0 
22 10 12 6 2 8 4 0 5 7 3 1 9 
22 10 12 6 2 8 4 9 5 7 3 0 1 
22 12 10 6 2 8 4 5 9 7 3 0 1 
22 6 16 6 9 3 8 4 5 2 7 0 1 
22 12 10 6 2 3 5 4 0 7 1 8 9 
22 10 12 6 2 3 4 9 0 7 1 5 8 
22 12 10 8 2 3 4 9 6 7 1 5 0 
22 14 8 6 2 3 9 5 7 1 8 0 4 
22 14 8 6 2 3 5 0 7 1 8 4 9 
22 10 12 9 2 4 0 1 6 7 8 3 5 
21 11 10 9 2 4 3 1 6 7 8 0 5 
22 8 14 0 2 1 3 4 9 6 7 8 5 
22 10 12 4 2 3 8 9 6 7 1 0 5 
22 12 10 4 2 3 0 5 6 7 1 8 9 
22 8 14 4 2 3 0 1 9 6 7 8 5 
22 8 14 4 2 3 8 1 9 6 7 5 0 
22 8 14 4 2 3 8 5 6 0 7 1 9 
21 9 12 4 2 3 8 5 6 7 0 1 9 
20 10 10 4 2 3 8 5 6 7 1 0 9 
19 11 8 4 2 3 8 5 6 7 1 9 0 
21 11 10 4 2 3 0 5 6 7 1 8 9 
22 6 16 9 3 0 1 4 6 2 8 7 5 
21 7 14 9 3 1 0 4 6 2 8 7 5 
20 8 12 9 3 1 4 0 6 2 8 7 5 
19 9 10 9 3 1 4 5 6 2 8 7 0 
22 8 14 9 3 8 5 0 6 2 7 4 1 
21 9 12 9 3 8 5 1 6 2 7 4 0 
22 8 14 9 3 0 4 5 6 2 8 7 1 
22 8 14 4 9 3 0 1 6 2 7 8 5 
22 8 14 4 9 3 8 1 6 2 7 5 0 
22 14 8 2 7 3 9 5 6 1 8 0 4 
22 10 12 2 3 4 8 9 6 7 1 0 5 
22 12 10 2 3 4 9 5 6 7 1 0 8 
22 14 8 2 3 1 9 5 6 7 8 0 4 
22 14 8 2 7 3 5 0 6 1 8 4 9 
22 12 10 2 3 4 8 5 6 7 1 0 9 
21 13 8 2 3 4 8 5 6 7 1 9 0 
22 12 10 2 3 4 5 0 6 7 1 8 9 
22 14 8 2 3 1 5 0 6 7 8 4 9 
22 8 14 0 2 3 4 9 5 6 7 8 1 
19 11 8 1 2 3 4 9 5 6 7 8 0 
20 12 8 1 2 3 4 0 5 6 7 8 9 
21 9 12 5 2 3 4 9 0 6 7 8 1 
19 11 8 5 2 3 4 9 1 6 7 8 0 
20 12 8 5 2 3 4 0 1 6 7 8 9 
21 13 8 1 2 3 4 9 0 6 7 8 5 
21 15 6 1 2 3 4 5 0 6 7 8 9 
22 8 14 9 2 3 4 1 5 6 7 0 8 
22 10 12 0 2 3 4 1 5 6 7 8 9 
22 10 12 9 2 4 5 0 6 7 8 3 1 
21 11 10 9 2 4 5 1 6 7 8 3 0 
22 10 12 0 2 3 4 5 9 6 7 8 1 
19 13 6 1 2 3 4 5 9 6 7 8 0 
22 10 12 5 2 3 4 1 9 6 7 0 8 
22 10 12 0 9 3 4 5 6 2 7 8 1 
19 13 6 1 9 3 4 5 6 2 7 8 0 
22 10 12 5 9 3 4 1 6 2 7 0 8 
22 8 14 4 2 3 5 0 9 6 7 8 1 
21 9 12 4 2 3 5 1 9 6 7 8 0 
22 10 12 5 3 8 4 9 6 2 7 0 1 
22 8 14 4 9 3 5 0 6 2 7 8 1 
21 9 12 4 9 3 5 1 6 2 7 8 0 
22 8 14 5 9 2 8 4 6 7 3 0 1 
22 10 12 5 2 3 8 4 6 9 7 1 0 
22 8 14 0 3 7 4 9 6 2 1 8 5 
22 8 14 9 3 7 4 5 6 2 1 0 8 
22 10 12 0 3 7 4 5 6 2 1 8 9 
22 10 12 9 2 3 4 5 6 0 7 8 1 
21 11 10 9 2 3 4 5 6 7 0 8 1 
20 12 8 9 2 3 4 5 6 7 8 0 1 
21 13 8 9 2 3 4 5 6 7 8 1 0 
22 12 10 9 2 3 4 0 1 6 7 8 5 
22 12 10 9 2 3 4 5 1 6 7 0 8 
22 14 8 0 2 3 4 5 1 6 7 8 9 
22 10 12 0 2 3 4 1 9 6 7 8 5 
20 12 8 1 2 3 4 0 9 6 7 8 5 
22 10 12 9 2 3 4 1 6 0 7 8 5 
21 11 10 9 2 3 4 1 6 7 0 8 5 
20 12 8 9 2 3 4 1 6 7 8 0 5 
21 13 8 9 2 3 4 1 6 7 8 5 0 
22 12 10 5 2 3 4 1 6 0 7 8 9 
21 13 8 5 2 3 4 1 6 7 0 8 9 
20 14 6 5 2 3 4 1 6 7 8 0 9 
19 15 4 5 2 3 4 1 6 7 8 9 0 
22 6 16 0 2 3 8 9 4 6 7 1 5 
22 6 16 9 2 3 8 5 4 6 7 0 1 
22 10 12 9 2 8 5 4 6 7 3 1 0 
22 10 12 9 2 1 3 5 6 7 4 0 8 
21 11 10 9 2 1 3 5 6 7 4 8 0 
22 10 12 9 2 3 8 5 6 7 4 0 1 
22 10 12 6 2 3 8 4 7 1 5 0 9 
21 11 10 6 2 3 8 4 7 1 5 9 0 
22 10 12 6 9 3 4 5 2 7 1 0 8 
22 14 8 1 2 8 5 9 6 7 3 0 4 
22 8 14 4 9 2 8 5 6 7 3 0 1 
22 12 10 8 2 3 5 0 6 7 1 4 9 
22 10 12 2 7 3 8 4 6 1 5 0 9 
21 11 10 2 7 3 8 4 6 1 5 9 0 
22 10 12 2 3 1 8 4 6 7 5 0 9 
21 11 10 2 3 1 8 4 6 7 5 9 0 
22 12 10 2 3 8 5 0 6 7 1 9 4 
22 12 10 2 3 8 4 9 6 7 1 0 5 
22 10 12 2 6 3 4 5 9 7 1 0 8 
22 10 12 2 3 8 4 1 9 6 7 5 0 
22 10 12 2 3 8 4 5 6 0 7 1 9 
21 11 10 2 3 8 4 5 6 7 0 1 9 
20 12 8 2 3 8 4 5 6 7 1 0 9 
19 13 6 2 3 8 4 5 6 7 1 9 0 
22 12 10 2 8 3 4 0 6 7 1 5 9 
22 14 8 2 8 3 4 0 6 7 1 9 5 
22 12 10 5 2 3 8 0 6 7 1 9 4 
22 12 10 6 2 3 4 9 8 7 1 5 0 
22 12 10 9 2 4 3 1 6 7 8 5 0 
22 12 10 4 2 3 8 0 6 7 1 9 5 
22 12 10 4 2 3 5 0 6 7 1 8 9 
22 8 14 9 3 1 7 4 6 2 8 0 5 
22 10 12 0 3 1 4 9 6 2 8 7 5 
22 10 12 9 3 1 4 5 6 2 8 0 7 
22 12 10 0 3 1 4 5 6 2 8 7 9 
22 12 10 1 2 3 4 9 5 6 7 0 8 
22 10 12 5 2 3 4 9 6 0 7 8 1 
21 11 10 5 2 3 4 9 6 7 0 8 1 
20 12 8 5 2 3 4 9 6 7 8 0 1 
21 13 8 5 2 3 4 9 6 7 8 1 0 
22 12 10 5 2 3 4 9 1 6 7 0 8 
22 14 8 1 2 3 4 9 6 0 7 8 5 
21 15 6 1 2 3 4 9 6 7 0 8 5 
20 16 4 1 2 3 4 9 6 7 8 0 5 
21 17 4 1 2 3 4 9 6 7 8 5 0 
22 16 6 1 2 3 4 5 6 0 7 8 9 
21 17 4 1 2 3 4 5 6 7 0 8 9 
20 18 2 1 2 3 4 5 6 7 8 0 9 
19 19 0 1 2 3 4 5 6 7 8 9 0 
