0 0 9 4 7 1 5 11 3 8 14 0 12 6 10 13 2
11 2 9 4 7 1 5 0 3 8 14 11 12 6 10 13 2
9 1 0 4 7 1 5 9 3 8 14 11 12 6 10 13 2
5 2 5 4 7 1 0 9 3 8 14 11 12 6 10 13 2
1 1 5 4 7 0 1 9 3 8 14 11 12 6 10 13 2
14 1 5 4 7 14 1 9 3 8 0 11 12 6 10 13 2
11 1 5 4 7 14 1 9 3 8 11 0 12 6 10 13 2
2 1 5 4 7 14 1 9 3 8 11 2 12 6 10 13 0
12 2 5 4 7 14 1 9 3 8 11 2 0 6 10 13 12
9 1 5 4 7 14 1 0 3 8 11 2 9 6 10 13 12
3 1 5 4 7 14 1 3 0 8 11 2 9 6 10 13 12
6 1 5 4 7 14 1 3 6 8 11 2 9 0 10 13 12
9 1 5 4 7 14 1 3 6 8 11 2 0 9 10 13 12
3 1 5 4 7 14 1 0 6 8 11 2 3 9 10 13 12
5 1 0 4 7 14 1 5 6 8 11 2 3 9 10 13 12
1 2 1 4 7 14 0 5 6 8 11 2 3 9 10 13 12
14 1 1 4 7 0 14 5 6 8 11 2 3 9 10 13 12
13 2 1 4 7 13 14 5 6 8 11 2 3 9 10 0 12
10 1 1 4 7 13 14 5 6 8 11 2 3 9 0 10 12
9 1 1 4 7 13 14 5 6 8 11 2 3 0 9 10 12
6 1 1 4 7 13 14 5 0 8 11 2 3 6 9 10 12
5 1 1 4 7 13 14 0 5 8 11 2 3 6 9 10 12
2 2 1 4 7 13 14 2 5 8 11 0 3 6 9 10 12
14 1 1 4 7 13 0 2 5 8 11 14 3 6 9 10 12
13 1 1 4 7 0 13 2 5 8 11 14 3 6 9 10 12
10 2 1 4 7 10 13 2 5 8 11 14 3 6 9 0 12
12 1 1 4 7 10 13 2 5 8 11 14 3 6 9 12 0
33 7.5432822704315186