0 0 1 3 0 9 13 14 8 15 5 16 17 11 4 6 2 12 10 7
5 1 1 3 5 9 13 14 8 15 0 16 17 11 4 6 2 12 10 7
2 1 1 3 5 9 13 14 8 15 2 16 17 11 4 6 0 12 10 7
6 1 1 3 5 9 13 14 8 15 2 16 17 11 4 0 6 12 10 7
4 1 1 3 5 9 13 14 8 15 2 16 17 11 0 4 6 12 10 7
14 3 1 3 5 9 13 0 8 15 2 16 17 11 14 4 6 12 10 7
13 1 1 3 5 9 0 13 8 15 2 16 17 11 14 4 6 12 10 7
17 1 1 3 5 9 17 13 8 15 2 16 0 11 14 4 6 12 10 7
10 1 1 3 5 9 17 13 8 15 2 16 10 11 14 4 6 12 0 7
12 1 1 3 5 9 17 13 8 15 2 16 10 11 14 4 6 0 12 7
6 1 1 3 5 9 17 13 8 15 2 16 10 11 14 4 0 6 12 7
4 1 1 3 5 9 17 13 8 15 2 16 10 11 14 0 4 6 12 7
15 1 1 3 5 9 17 13 8 0 2 16 10 11 14 15 4 6 12 7
2 1 1 3 5 9 17 13 8 2 0 16 10 11 14 15 4 6 12 7
4 1 1 3 5 9 17 13 8 2 4 16 10 11 14 15 0 6 12 7
15 1 1 3 5 9 17 13 8 2 4 16 10 11 14 0 15 6 12 7
14 1 1 3 5 9 17 13 8 2 4 16 10 11 0 14 15 6 12 7
7 2 1 3 5 9 17 13 8 2 4 16 10 11 7 14 15 6 12 0
12 1 1 3 5 9 17 13 8 2 4 16 10 11 7 14 15 6 0 12
6 1 1 3 5 9 17 13 8 2 4 16 10 11 7 14 15 0 6 12
16 1 1 3 5 9 17 13 8 2 4 0 10 11 7 14 15 16 6 12
9 1 1 3 5 0 17 13 8 2 4 9 10 11 7 14 15 16 6 12
5 1 1 3 0 5 17 13 8 2 4 9 10 11 7 14 15 16 6 12
4 1 1 3 4 5 17 13 8 2 0 9 10 11 7 14 15 16 6 12
9 1 1 3 4 5 17 13 8 2 9 0 10 11 7 14 15 16 6 12
10 1 1 3 4 5 17 13 8 2 9 10 0 11 7 14 15 16 6 12
17 1 1 3 4 5 0 13 8 2 9 10 17 11 7 14 15 16 6 12
5 1 1 3 4 0 5 13 8 2 9 10 17 11 7 14 15 16 6 12
4 1 1 3 0 4 5 13 8 2 9 10 17 11 7 14 15 16 6 12
3 1 1 0 3 4 5 13 8 2 9 10 17 11 7 14 15 16 6 12
2 1 1 2 3 4 5 13 8 0 9 10 17 11 7 14 15 16 6 12
8 1 1 2 3 4 5 13 0 8 9 10 17 11 7 14 15 16 6 12
7 1 1 2 3 4 5 13 7 8 9 10 17 11 0 14 15 16 6 12
13 3 1 2 3 4 5 0 7 8 9 10 17 11 13 14 15 16 6 12
12 2 1 2 3 4 5 12 7 8 9 10 17 11 13 14 15 16 6 0
6 1 1 2 3 4 5 12 7 8 9 10 17 11 13 14 15 16 0 6
17 1 1 2 3 4 5 12 7 8 9 10 0 11 13 14 15 16 17 6
11 1 1 2 3 4 5 12 7 8 9 10 11 0 13 14 15 16 17 6
12 1 1 2 3 4 5 0 7 8 9 10 11 12 13 14 15 16 17 6
6 2 1 2 3 4 5 6 7 8 9 10 11 12 13 14 15 16 17 0
46 360.22863721847534